0.001333333333	0
0.002666666667	0
0.004	0
0.005333333333	0
0.006666666667	0
0.008	0
0.009333333333	0
0.01066666667	0
0.012	0
0.01333333333	0
0.01466666667	0
0.016	0
0.01733333333	0
0.01866666667	0
0.02	0
0.02133333333	0
0.02266666667	0
0.024	0
0.02533333333	0
0.02666666667	0
0.028	0
0.02933333333	0
0.03066666667	0
0.032	0
0.03333333333	0
0.03466666667	0
0.036	0
0.03733333333	0
0.03866666667	0
0.04	0
0.04133333333	0
0.04266666667	0
0.044	0
0.04533333333	0
0.04666666667	0
0.048	0
0.04933333333	0
0.05066666667	0
0.052	0
0.05333333333	0
0.05466666667	0
0.056	0
0.05733333333	0
0.05866666667	0
0.06	0
0.06133333333	0
0.06266666667	0
0.064	0
0.06533333333	0
0.06666666667	0
0.068	0
0.06933333333	0
0.07066666667	0
0.072	0
0.07333333333	0
0.07466666667	0
0.076	0
0.07733333333	0
0.07866666667	0
0.08	0
0.08133333333	0
0.08266666667	0
0.084	0
0.08533333333	0
0.08666666667	0
0.088	0
0.08933333333	0
0.09066666667	0
0.092	0
0.09333333333	0
0.09466666667	0
0.096	0
0.09733333333	0
0.09866666667	0
0.1	0
0.1013333333	0
0.1026666667	0
0.104	0
0.1053333333	0
0.1066666667	0
0.108	0
0.1093333333	0
0.1106666667	0
0.112	0
0.1133333333	0
0.1146666667	0
0.116	0
0.1173333333	0
0.1186666667	0
0.12	0
0.1213333333	0
0.1226666667	0
0.124	0
0.1253333333	0
0.1266666667	0
0.128	0
0.1293333333	0
0.1306666667	0
0.132	0
0.1333333333	0
0.1346666667	0
0.136	0
0.1373333333	0
0.1386666667	0
0.14	0
0.1413333333	0
0.1426666667	0
0.144	0
0.1453333333	0
0.1466666667	0
0.148	0
0.1493333333	0
0.1506666667	0
0.152	0
0.1533333333	0
0.1546666667	0
0.156	0
0.1573333333	0
0.1586666667	0
0.16	0
0.1613333333	0
0.1626666667	0
0.164	0
0.1653333333	0
0.1666666667	0
0.168	0
0.1693333333	0
0.1706666667	0
0.172	0
0.1733333333	0
0.1746666667	0
0.176	0
0.1773333333	0
0.1786666667	0
0.18	0
0.1813333333	0
0.1826666667	0
0.184	0
0.1853333333	0
0.1866666667	0
0.188	0
0.1893333333	0
0.1906666667	0
0.192	0
0.1933333333	0
0.1946666667	0
0.196	0
0.1973333333	0
0.1986666667	0
0.2	0
0.2013333333	0
0.2026666667	0
0.204	0
0.2053333333	0
0.2066666667	0
0.208	0
0.2093333333	0
0.2106666667	0
0.212	0
0.2133333333	0
0.2146666667	0
0.216	0
0.2173333333	0
0.2186666667	0
0.22	0
0.2213333333	0
0.2226666667	0
0.224	0
0.2253333333	0
0.2266666667	0
0.228	0
0.2293333333	0
0.2306666667	0
0.232	0
0.2333333333	0
0.2346666667	0
0.236	0
0.2373333333	0
0.2386666667	0
0.24	0
0.2413333333	0
0.2426666667	0
0.244	0
0.2453333333	0
0.2466666667	0
0.248	0
0.2493333333	0
0.2506666667	0
0.252	0
0.2533333333	0
0.2546666667	0
0.256	0
0.2573333333	0
0.2586666667	0
0.26	0
0.2613333333	0
0.2626666667	0
0.264	0
0.2653333333	0
0.2666666667	0
0.268	0
0.2693333333	0
0.2706666667	0
0.272	0
0.2733333333	0
0.2746666667	0
0.276	0
0.2773333333	0
0.2786666667	0
0.28	0
0.2813333333	0
0.2826666667	0
0.284	0
0.2853333333	0
0.2866666667	0
0.288	0
0.2893333333	0
0.2906666667	0
0.292	0
0.2933333333	0
0.2946666667	0
0.296	0
0.2973333333	0
0.2986666667	0
0.3	0
0.3013333333	0
0.3026666667	0
0.304	0
0.3053333333	0
0.3066666667	0
0.308	0
0.3093333333	0
0.3106666667	0
0.312	0
0.3133333333	0
0.3146666667	0
0.316	0
0.3173333333	0
0.3186666667	0
0.32	0
0.3213333333	0
0.3226666667	0
0.324	0
0.3253333333	0
0.3266666667	0
0.328	0
0.3293333333	0
0.3306666667	0
0.332	0
0.3333333333	0
0.3346666667	0
0.336	0
0.3373333333	0
0.3386666667	0
0.34	0
0.3413333333	0
0.3426666667	0
0.344	0
0.3453333333	0
0.3466666667	0
0.348	0
0.3493333333	0
0.3506666667	0
0.352	0
0.3533333333	0
0.3546666667	0
0.356	0
0.3573333333	0
0.3586666667	0
0.36	0
0.3613333333	0
0.3626666667	0
0.364	0
0.3653333333	0
0.3666666667	0
0.368	0
0.3693333333	0
0.3706666667	0
0.372	0
0.3733333333	0
0.3746666667	0
0.376	0
0.3773333333	0
0.3786666667	0
0.38	0
0.3813333333	0
0.3826666667	0
0.384	0
0.3853333333	0
0.3866666667	0
0.388	0
0.3893333333	0
0.3906666667	0
0.392	0
0.3933333333	0
0.3946666667	0
0.396	0
0.3973333333	0
0.3986666667	0
0.4	0
0.4013333333	0
0.4026666667	0
0.404	0
0.4053333333	0
0.4066666667	0
0.408	0
0.4093333333	0
0.4106666667	0
0.412	0
0.4133333333	0
0.4146666667	0
0.416	0
0.4173333333	0
0.4186666667	0
0.42	0
0.4213333333	0
0.4226666667	0
0.424	0
0.4253333333	0
0.4266666667	0
0.428	0
0.4293333333	0
0.4306666667	0
0.432	0
0.4333333333	0
0.4346666667	0
0.436	0
0.4373333333	0
0.4386666667	0
0.44	0
0.4413333333	0
0.4426666667	0
0.444	0
0.4453333333	0
0.4466666667	0
0.448	0
0.4493333333	0
0.4506666667	0
0.452	0
0.4533333333	0
0.4546666667	0
0.456	0
0.4573333333	0
0.4586666667	0
0.46	0
0.4613333333	0
0.4626666667	0
0.464	0
0.4653333333	0
0.4666666667	0
0.468	0
0.4693333333	0
0.4706666667	0
0.472	0
0.4733333333	0
0.4746666667	0
0.476	0
0.4773333333	0
0.4786666667	0
0.48	0
0.4813333333	0
0.4826666667	0
0.484	0
0.4853333333	0
0.4866666667	0
0.488	0
0.4893333333	0
0.4906666667	0
0.492	0
0.4933333333	0
0.4946666667	0
0.496	0
0.4973333333	0
0.4986666667	0
0.5	0
0.5013333333	0
0.5026666667	0
0.504	0
0.5053333333	0
0.5066666667	0
0.508	0
0.5093333333	0
0.5106666667	0
0.512	0
0.5133333333	0
0.5146666667	0
0.516	0
0.5173333333	0
0.5186666667	0
0.52	0
0.5213333333	0
0.5226666667	0
0.524	0
0.5253333333	0
0.5266666667	0
0.528	0
0.5293333333	0
0.5306666667	0
0.532	0
0.5333333333	0
0.5346666667	0
0.536	0
0.5373333333	0
0.5386666667	0
0.54	0
0.5413333333	0
0.5426666667	0
0.544	0
0.5453333333	0
0.5466666667	0
0.548	0
0.5493333333	0
0.5506666667	0
0.552	0
0.5533333333	0
0.5546666667	0
0.556	0
0.5573333333	0
0.5586666667	0
0.56	0
0.5613333333	0
0.5626666667	0
0.564	0
0.5653333333	0
0.5666666667	0
0.568	0
0.5693333333	0
0.5706666667	0
0.572	0
0.5733333333	0
0.5746666667	0
0.576	0
0.5773333333	0
0.5786666667	0
0.58	0
0.5813333333	0
0.5826666667	0
0.584	0
0.5853333333	0
0.5866666667	0
0.588	0
0.5893333333	0
0.5906666667	0
0.592	0
0.5933333333	0
0.5946666667	0
0.596	0
0.5973333333	0
0.5986666667	0
0.6	0
0.6013333333	0
0.6026666667	0
0.604	0
0.6053333333	0
0.6066666667	0
0.608	0
0.6093333333	0
0.6106666667	0
0.612	0
0.6133333333	0
0.6146666667	0
0.616	0
0.6173333333	0
0.6186666667	0
0.62	0
0.6213333333	0
0.6226666667	0
0.624	0
0.6253333333	0
0.6266666667	0
0.628	0
0.6293333333	0
0.6306666667	0
0.632	0
0.6333333333	0
0.6346666667	0
0.636	0
0.6373333333	0
0.6386666667	0
0.64	0
0.6413333333	0
0.6426666667	0
0.644	0
0.6453333333	0
0.6466666667	0
0.648	0
0.6493333333	0
0.6506666667	0
0.652	0
0.6533333333	0
0.6546666667	0
0.656	0
0.6573333333	0
0.6586666667	0
0.66	0
0.6613333333	0
0.6626666667	0
0.664	0
0.6653333333	0
0.6666666667	0
0.668	0
0.6693333333	0
0.6706666667	0
0.672	0
0.6733333333	0
0.6746666667	0
0.676	0
0.6773333333	0
0.6786666667	0
0.68	0
0.6813333333	0
0.6826666667	0
0.684	0
0.6853333333	0
0.6866666667	0
0.688	0
0.6893333333	0
0.6906666667	0
0.692	0
0.6933333333	0
0.6946666667	0
0.696	0
0.6973333333	0
0.6986666667	0
0.7	0
0.7013333333	0
0.7026666667	0
0.704	0
0.7053333333	0
0.7066666667	0
0.708	0
0.7093333333	0
0.7106666667	0
0.712	0
0.7133333333	0
0.7146666667	0
0.716	0
0.7173333333	0
0.7186666667	0
0.72	0
0.7213333333	0
0.7226666667	0
0.724	0
0.7253333333	0
0.7266666667	0
0.728	0
0.7293333333	0
0.7306666667	0
0.732	0
0.7333333333	0
0.7346666667	0
0.736	0
0.7373333333	0
0.7386666667	0
0.74	0
0.7413333333	0
0.7426666667	0
0.744	0
0.7453333333	0
0.7466666667	0
0.748	0
0.7493333333	0
0.7506666667	0
0.752	0
0.7533333333	0
0.7546666667	0
0.756	0
0.7573333333	0
0.7586666667	0
0.76	0
0.7613333333	0
0.7626666667	0
0.764	0
0.7653333333	0
0.7666666667	0
0.768	0
0.7693333333	0
0.7706666667	0
0.772	0
0.7733333333	0
0.7746666667	0
0.776	0
0.7773333333	0
0.7786666667	0
0.78	0
0.7813333333	0
0.7826666667	0
0.784	0
0.7853333333	0
0.7866666667	0
0.788	0
0.7893333333	0
0.7906666667	0
0.792	0
0.7933333333	0
0.7946666667	0
0.796	0
0.7973333333	0
0.7986666667	0
0.8	0
0.8013333333	0
0.8026666667	0
0.804	0
0.8053333333	0
0.8066666667	0
0.808	0
0.8093333333	0
0.8106666667	0
0.812	0
0.8133333333	0
0.8146666667	0
0.816	0
0.8173333333	0
0.8186666667	0
0.82	0
0.8213333333	0
0.8226666667	0
0.824	0
0.8253333333	0
0.8266666667	0
0.828	0
0.8293333333	0
0.8306666667	0
0.832	0
0.8333333333	0
0.8346666667	0
0.836	0
0.8373333333	0
0.8386666667	0
0.84	0
0.8413333333	0
0.8426666667	0
0.844	0
0.8453333333	0
0.8466666667	0
0.848	0
0.8493333333	0
0.8506666667	0
0.852	0
0.8533333333	0
0.8546666667	0
0.856	0
0.8573333333	0
0.8586666667	0
0.86	0
0.8613333333	0
0.8626666667	1.113385088e-07
0.864	5.558327871e-08
0.8653333333	0
0.8666666667	1.108242431e-07
0.868	0
0.8693333333	0
0.8706666667	1.654720596e-07
0.872	1.652188506e-07
0.8733333333	1.099776103e-07
0.8746666667	1.098098336e-07
0.876	1.644638521e-07
0.8773333333	1.094758113e-07
0.8786666667	2.18619122e-07
0.88	3.820033521e-07
0.8813333333	2.724464267e-07
0.8826666667	6.528829562e-07
0.884	3.259487363e-07
0.8853333333	6.509149594e-07
0.8866666667	5.957741198e-07
0.888	7.571185897e-07
0.8893333333	8.09981387e-07
0.8906666667	9.16603656e-07
0.892	1.292092971e-06
0.8933333333	1.290163034e-06
0.8946666667	1.610298567e-06
0.896	1.500707138e-06
0.8973333333	1.551992589e-06
0.8986666667	2.244376042e-06
0.9	2.347765175e-06
0.9013333333	2.344289579e-06
0.9026666667	2.500425912e-06
0.904	2.762345379e-06
0.9053333333	2.493055459e-06
0.9066666667	4.025390942e-06
0.908	3.649260741e-06
0.9093333333	5.597884569e-06
0.9106666667	5.378751124e-06
0.912	5.686815918e-06
0.9133333333	5.310456493e-06
0.9146666667	6.825269854e-06
0.916	6.920178924e-06
0.9173333333	7.852401374e-06
0.9186666667	9.200102311e-06
0.92	9.813129104e-06
0.9213333333	1.021589269e-05
0.9226666667	9.680653899e-06
0.924	1.184947211e-05
0.9253333333	1.28703142e-05
0.9266666667	1.222992199e-05
0.928	1.464445571e-05
0.9293333333	1.601859816e-05
0.9306666667	1.439606918e-05
0.932	1.60242574e-05
0.9333333333	1.728763133e-05
0.9346666667	1.7057441e-05
0.936	1.857226317e-05
0.9373333333	1.910937297e-05
0.9386666667	2.087276556e-05
0.94	2.232463532e-05
0.9413333333	2.494570458e-05
0.9426666667	2.440098068e-05
0.944	2.655388026e-05
0.9453333333	2.682118747e-05
0.9466666667	2.749355003e-05
0.948	2.988628015e-05
0.9493333333	2.979369202e-05
0.9506666667	2.843855071e-05
0.952	3.187917213e-05
0.9533333333	3.364791538e-05
0.9546666667	3.541171456e-05
0.956	3.837612302e-05
0.9573333333	3.842295817e-05
0.9586666667	4.027292841e-05
0.96	4.086722906e-05
0.9613333333	4.490654475e-05
0.9626666667	4.649042439e-05
0.964	4.692421167e-05
0.9653333333	4.785424518e-05
0.9666666667	4.987458061e-05
0.968	5.040112437e-05
0.9693333333	5.464165282e-05
0.9706666667	5.392342066e-05
0.972	5.187327606e-05
0.9733333333	5.584767072e-05
0.9746666667	5.877655899e-05
0.976	5.761379705e-05
0.9773333333	6.436467793e-05
0.9786666667	6.398252971e-05
0.98	6.365042162e-05
0.9813333333	6.527653397e-05
0.9826666667	6.391737439e-05
0.984	6.612431778e-05
0.9853333333	7.134680192e-05
0.9866666667	7.139632689e-05
0.988	6.872397646e-05
0.9893333333	7.416451016e-05
0.9906666667	7.198034592e-05
0.992	7.609489159e-05
0.9933333333	7.816804524e-05
0.9946666667	8.009080744e-05
0.996	7.954961204e-05
0.9973333333	7.804691689e-05
0.9986666667	8.029871589e-05
1	8.182422245e-05
1.001333333	8.425680732e-05
1.002666667	8.213326232e-05
1.004	8.96765107e-05
1.005333333	8.745588148e-05
1.006666667	9.063131694e-05
1.008	9.255976978e-05
1.009333333	9.372193091e-05
1.010666667	9.212534043e-05
1.012	9.02957141e-05
1.013333333	0.0001003175723
1.014666667	9.412814467e-05
1.016	0.000100337672
1.017333333	9.836527273e-05
1.018666667	9.752936196e-05
1.02	0.0001030980756
1.021333333	0.0001031984711
1.022666667	0.0001039090056
1.024	0.0001022730518
1.025333333	0.0001064953199
1.026666667	9.952837955e-05
1.028	0.000107993874
1.029333333	0.0001075739972
1.030666667	0.0001085062949
1.032	0.0001089708921
1.033333333	0.0001111536394
1.034666667	0.0001130058945
1.036	0.0001059543276
1.037333333	0.00011081733
1.038666667	0.0001131714109
1.04	0.0001169045772
1.041333333	0.0001147258813
1.042666667	0.0001140724996
1.044	0.0001177902019
1.045333333	0.00011286261
1.046666667	0.0001147373137
1.048	0.0001177068801
1.049333333	0.000119204578
1.050666667	0.0001194188215
1.052	0.0001202258917
1.053333333	0.0001214867776
1.054666667	0.000122926587
1.056	0.0001239535205
1.057333333	0.0001204365157
1.058666667	0.000122235055
1.06	0.0001202692375
1.061333333	0.000121113379
1.062666667	0.0001220457717
1.064	0.0001233368561
1.065333333	0.0001229570342
1.066666667	0.0001231633686
1.068	0.0001289891396
1.069333333	0.0001243827562
1.070666667	0.0001223890119
1.072	0.0001268502425
1.073333333	0.0001243215546
1.074666667	0.0001243012553
1.076	0.0001239240054
1.077333333	0.0001259990328
1.078666667	0.0001234393935
1.08	0.0001255098929
1.081333333	0.0001292182644
1.082666667	0.000128438128
1.084	0.0001284572327
1.085333333	0.0001303786598
1.086666667	0.0001256673443
1.088	0.0001294851839
1.089333333	0.000126417411
1.090666667	0.0001287721785
1.092	0.0001278673463
1.093333333	0.0001303902667
1.094666667	0.0001300120325
1.096	0.0001286708923
1.097333333	0.0001299584361
1.098666667	0.0001315487803
1.1	0.0001284646198
1.101333333	0.0001317096457
1.102666667	0.0001276747576
1.104	0.0001289122328
1.105333333	0.0001288869562
1.106666667	0.0001293390061
1.108	0.0001333001469
1.109333333	0.0001279025389
1.110666667	0.0001320720461
1.112	0.0001325612849
1.113333333	0.0001261920265
1.114666667	0.0001297024665
1.116	0.0001265356828
1.117333333	0.0001284473158
1.118666667	0.0001275215312
1.12	0.0001213248237
1.121333333	0.00012627605
1.122666667	0.0001263398347
1.124	0.0001307607352
1.125333333	0.0001293683514
1.126666667	0.0001282775851
1.128	0.0001282110005
1.129333333	0.0001246157082
1.130666667	0.0001240440062
1.132	0.0001276728587
1.133333333	0.0001318439297
1.134666667	0.0001238603601
1.136	0.0001326754585
1.137333333	0.0001289313645
1.138666667	0.0001315633739
1.14	0.0001264815558
1.141333333	0.0001243143905
1.142666667	0.0001268165114
1.144	0.0001255773732
1.145333333	0.000132096721
1.146666667	0.000128132553
1.148	0.0001273144526
1.149333333	0.0001259551613
1.150666667	0.0001306078161
1.152	0.0001280808356
1.153333333	0.0001247270771
1.154666667	0.0001248324659
1.156	0.0001253114274
1.157333333	0.0001293156993
1.158666667	0.0001250642971
1.16	0.0001244237607
1.161333333	0.0001227510896
1.162666667	0.0001238904405
1.164	0.0001268421569
1.165333333	0.0001210110338
1.166666667	0.0001248647053
1.168	0.0001230777588
1.169333333	0.0001217055022
1.170666667	0.0001214437631
1.172	0.000125852944
1.173333333	0.0001250551092
1.174666667	0.0001240955879
1.176	0.0001208110287
1.177333333	0.0001249970313
1.178666667	0.0001183785429
1.18	0.0001252840504
1.181333333	0.0001222162056
1.182666667	0.0001204544198
1.184	0.0001175611396
1.185333333	0.0001198997321
1.186666667	0.000118632026
1.188	0.0001246824072
1.189333333	0.0001196981075
1.190666667	0.0001183542383
1.192	0.0001199538165
1.193333333	0.0001161985685
1.194666667	0.0001194045828
1.196	0.0001181874726
1.197333333	0.000118617194
1.198666667	0.0001222504261
1.2	0.0001172731484
1.201333333	0.0001191412611
1.202666667	0.0001177315808
1.204	0.0001212699346
1.205333333	0.0001195821796
1.206666667	0.0001157892795
1.208	0.0001136343506
1.209333333	0.0001164469689
1.210666667	0.0001153271879
1.212	0.0001179732912
1.213333333	0.0001180414359
1.214666667	0.0001149471971
1.216	0.0001156502651
1.217333333	0.0001208875399
1.218666667	0.0001156728493
1.22	0.0001106269833
1.221333333	0.0001110958261
1.222666667	0.0001135271031
1.224	0.0001144624792
1.225333333	0.0001142986767
1.226666667	0.000116640256
1.228	0.0001159270645
1.229333333	0.0001104115236
1.230666667	0.0001136860314
1.232	0.0001129393841
1.233333333	0.0001118829174
1.234666667	0.0001112953809
1.236	0.0001103983503
1.237333333	0.000111986673
1.238666667	0.0001124862487
1.24	0.0001130621894
1.241333333	0.0001149519549
1.242666667	0.0001115830591
1.244	0.000112003734
1.245333333	0.0001068717295
1.246666667	0.0001089140815
1.248	0.0001114521978
1.249333333	0.0001122555208
1.250666667	0.0001116751074
1.252	0.0001082581335
1.253333333	0.0001112458353
1.254666667	0.0001104387445
1.256	0.0001075691415
1.257333333	0.0001080659835
1.258666667	0.0001096679886
1.26	0.0001070369464
1.261333333	0.0001067334162
1.262666667	0.0001057841111
1.264	0.0001115980244
1.265333333	0.0001054092783
1.266666667	0.000107648332
1.268	0.0001065506015
1.269333333	0.0001030343995
1.270666667	0.0001099920142
1.272	0.0001052339824
1.273333333	0.0001071221387
1.274666667	0.0001088180112
1.276	0.0001054307001
1.277333333	0.0001037419085
1.278666667	0.0001072758729
1.28	0.0001057387156
1.281333333	0.0001073147896
1.282666667	0.0001018879364
1.284	0.0001018194711
1.285333333	0.000103880302
1.286666667	0.0001028770418
1.288	0.0001038887748
1.289333333	0.0001069092463
1.290666667	9.876373045e-05
1.292	0.0001039014183
1.293333333	0.000101492659
1.294666667	0.0001017589228
1.296	9.71716147e-05
1.297333333	0.0001025118551
1.298666667	0.000104994444
1.3	0.0001040741995
1.301333333	9.998295103e-05
1.302666667	0.0001063304137
1.304	0.0001026502324
1.305333333	0.0001024717648
1.306666667	0.0001023671484
1.308	0.0001036575711
1.309333333	0.0001000684483
1.310666667	0.000102897095
1.312	9.832800686e-05
1.313333333	0.0001042965601
1.314666667	0.0001008674355
1.316	0.0001007287051
1.317333333	9.938754599e-05
1.318666667	0.0001013258992
1.32	9.725894139e-05
1.321333333	0.0001011939745
1.322666667	9.949476963e-05
1.324	9.652981403e-05
1.325333333	9.665000651e-05
1.326666667	9.676995727e-05
1.328	9.989035449e-05
1.329333333	0.000100765261
1.330666667	9.88241441e-05
1.332	0.0001015005779
1.333333333	0.0001007868876
1.334666667	9.88875417e-05
1.336	0.0001004778069
1.337333333	9.908516446e-05
1.338666667	9.737251579e-05
1.34	9.580659283e-05
1.341333333	9.649876311e-05
1.342666667	9.550894385e-05
1.344	9.923642728e-05
1.345333333	9.821016955e-05
1.346666667	9.732855095e-05
1.348	9.80514064e-05
1.349333333	9.795446976e-05
1.350666667	9.448086887e-05
1.352	9.236353219e-05
1.353333333	9.883550702e-05
1.354666667	9.551306365e-05
1.356	9.736642956e-05
1.357333333	9.394584706e-05
1.358666667	9.551442073e-05
1.36	9.365564381e-05
1.361333333	9.77606658e-05
1.362666667	9.357797297e-05
1.364	8.915707395e-05
1.365333333	9.38522439e-05
1.366666667	9.393628355e-05
1.368	9.286201624e-05
1.369333333	9.094837668e-05
1.370666667	9.310158612e-05
1.372	9.416582931e-05
1.373333333	9.050855541e-05
1.374666667	9.188757405e-05
1.376	9.211251248e-05
1.377333333	9.285987484e-05
1.378666667	9.357096734e-05
1.38	9.111480231e-05
1.381333333	9.676160456e-05
1.382666667	9.291818895e-05
1.384	9.203077481e-05
1.385333333	9.145697299e-05
1.386666667	9.001871063e-05
1.388	9.173083969e-05
1.389333333	9.340512484e-05
1.390666667	9.09334442e-05
1.392	9.201895684e-05
1.393333333	8.913985395e-05
1.394666667	9.256582984e-05
1.396	8.783459316e-05
1.397333333	8.75102344e-05
1.398666667	8.831923227e-05
1.4	8.94696153e-05
1.401333333	9.058354813e-05
1.402666667	9.101081304e-05
1.404	8.788099241e-05
1.405333333	8.974483566e-05
1.406666667	9.068363164e-05
1.408	8.442602393e-05
1.409333333	8.989878509e-05
1.410666667	8.889487639e-05
1.412	8.69408335e-05
1.413333333	9.13087163e-05
1.414666667	8.698049345e-05
1.416	8.828865793e-05
1.417333333	8.810394341e-05
1.418666667	8.917170264e-05
1.42	8.97303138e-05
1.421333333	8.81261016e-05
1.422666667	8.929207469e-05
1.424	9.069186442e-05
1.425333333	8.824918405e-05
1.426666667	8.70561734e-05
1.428	8.747914997e-05
1.429333333	8.74310968e-05
1.430666667	8.583949878e-05
1.432	8.478728218e-05
1.433333333	8.517730092e-05
1.434666667	8.677128637e-05
1.436	8.241131106e-05
1.437333333	8.527416387e-05
1.438666667	8.626295513e-05
1.44	8.441604256e-05
1.441333333	8.490416555e-05
1.442666667	8.449287947e-05
1.444	8.73738333e-05
1.445333333	8.716032658e-05
1.446666667	8.591844887e-05
1.448	8.484463621e-05
1.449333333	8.516404481e-05
1.450666667	8.558214922e-05
1.452	8.507369318e-05
1.453333333	8.559021399e-05
1.454666667	8.663384138e-05
1.456	8.701609386e-05
1.457333333	8.785884786e-05
1.458666667	8.498091137e-05
1.46	8.79613638e-05
1.461333333	8.758539582e-05
1.462666667	8.23195201e-05
1.464	8.417929293e-05
1.465333333	8.868948403e-05
1.466666667	8.585923027e-05
1.468	8.437496251e-05
1.469333333	8.452707894e-05
1.470666667	8.386281573e-05
1.472	8.261269426e-05
1.473333333	8.364578904e-05
1.474666667	8.617457063e-05
1.476	8.385238671e-05
1.477333333	8.582397002e-05
1.478666667	8.662316776e-05
1.48	8.304176907e-05
1.481333333	8.47170753e-05
1.482666667	8.366946193e-05
1.484	8.375600701e-05
1.485333333	8.355150167e-05
1.486666667	8.567243505e-05
1.488	8.398244753e-05
1.489333333	8.361711479e-05
1.490666667	8.309140603e-05
1.492	8.481903972e-05
1.493333333	8.490401679e-05
1.494666667	8.052419778e-05
1.496	8.507351629e-05
1.497333333	8.281747596e-05
1.498666667	8.043731581e-05
1.5	8.254215747e-05
1.501333333	8.250079631e-05
1.502666667	8.316237925e-05
1.504	8.197140946e-05
1.505333333	8.084633448e-05
1.506666667	8.147576119e-05
1.508	8.369585557e-05
1.509333333	8.174524482e-05
1.510666667	8.497812141e-05
1.512	8.337908619e-05
1.513333333	8.263940112e-05
1.514666667	8.373935444e-05
1.516	8.426735614e-05
1.517333333	8.261128932e-05
1.518666667	7.944075947e-05
1.52	8.366649248e-05
1.521333333	8.204686515e-05
1.522666667	8.080842164e-05
1.524	8.196624074e-05
1.525333333	8.372003505e-05
1.526666667	8.021924965e-05
1.528	7.904956366e-05
1.529333333	8.058157348e-05
1.530666667	7.944497439e-05
1.532	8.435833314e-05
1.533333333	8.062174457e-05
1.534666667	8.052038697e-05
1.536	7.798131267e-05
1.537333333	7.994346445e-05
1.538666667	8.12157956e-05
1.54	8.195596771e-05
1.541333333	7.711957443e-05
1.542666667	8.044496075e-05
1.544	7.838550846e-05
1.545333333	8.033714914e-05
1.546666667	8.194399019e-05
1.548	8.264869534e-05
1.549333333	7.839443616e-05
1.550666667	7.900810443e-05
1.552	7.965165052e-05
1.553333333	8.044862192e-05
1.554666667	7.794010859e-05
1.556	7.691684629e-05
1.557333333	7.829981955e-05
1.558666667	7.96496254e-05
1.56	7.715037505e-05
1.561333333	8.065119494e-05
1.562666667	7.880050674e-05
1.564	7.93778996e-05
1.565333333	7.572197447e-05
1.566666667	8.059102162e-05
1.568	7.929778645e-05
1.569333333	7.580420621e-05
1.570666667	7.870462452e-05
1.572	7.824083422e-05
1.573333333	7.802193494e-05
1.574666667	7.795584266e-05
1.576	7.801170796e-05
1.577333333	7.904142003e-05
1.578666667	7.967406266e-05
1.58	7.905988185e-05
1.581333333	7.786992294e-05
1.582666667	7.695496739e-05
1.584	7.698108575e-05
1.585333333	7.682546807e-05
1.586666667	7.727524317e-05
1.588	7.950789995e-05
1.589333333	7.575606697e-05
1.590666667	7.699029872e-05
1.592	7.837323798e-05
1.593333333	7.665048139e-05
1.594666667	7.773034428e-05
1.596	7.577036832e-05
1.597333333	7.865242809e-05
1.598666667	7.564392632e-05
1.6	7.810122569e-05
1.601333333	7.470846399e-05
1.602666667	7.689286225e-05
1.604	7.757715453e-05
1.605333333	7.461194976e-05
1.606666667	7.813557683e-05
1.608	7.62794624e-05
1.609333333	7.588810611e-05
1.610666667	7.817989539e-05
1.612	7.746002472e-05
1.613333333	7.703890682e-05
1.614666667	7.593465654e-05
1.616	7.735733421e-05
1.617333333	7.767940836e-05
1.618666667	7.68442836e-05
1.62	7.458811474e-05
1.621333333	7.43194851e-05
1.622666667	7.908074996e-05
1.624	7.614840702e-05
1.625333333	7.72969082e-05
1.626666667	7.770571989e-05
1.628	8.11511315e-05
1.629333333	7.327675821e-05
1.630666667	7.507152642e-05
1.632	7.783408064e-05
1.633333333	7.574248732e-05
1.634666667	7.529890124e-05
1.636	7.547225834e-05
1.637333333	7.30651821e-05
1.638666667	7.332796331e-05
1.64	7.561009903e-05
1.641333333	7.674783734e-05
1.642666667	7.621792212e-05
1.644	7.50172449e-05
1.645333333	7.527737839e-05
1.646666667	7.59160878e-05
1.648	7.634985296e-05
1.649333333	7.646274514e-05
1.650666667	7.785510547e-05
1.652	7.700763694e-05
1.653333333	7.508720232e-05
1.654666667	7.401123033e-05
1.656	7.395161597e-05
1.657333333	7.565901954e-05
1.658666667	7.652434042e-05
1.66	7.386010586e-05
1.661333333	7.374301196e-05
1.662666667	7.556059578e-05
1.664	7.792341256e-05
1.665333333	7.391173686e-05
1.666666667	7.393899479e-05
1.668	7.52613373e-05
1.669333333	7.433847152e-05
1.670666667	7.752613705e-05
1.672	7.485152047e-05
1.673333333	7.453365433e-05
1.674666667	7.69395653e-05
1.676	7.306878729e-05
1.677333333	7.39265342e-05
1.678666667	7.604121566e-05
1.68	7.538076719e-05
1.681333333	7.57778017e-05
1.682666667	7.357800719e-05
1.684	7.477403856e-05
1.685333333	7.710755695e-05
1.686666667	7.457038605e-05
1.688	7.476741582e-05
1.689333333	7.692490976e-05
1.690666667	7.726174409e-05
1.692	7.410826313e-05
1.693333333	7.736682317e-05
1.694666667	7.475644742e-05
1.696	7.481087467e-05
1.697333333	7.625108551e-05
1.698666667	7.415643019e-05
1.7	7.661148627e-05
1.701333333	7.57895763e-05
1.702666667	7.423589926e-05
1.704	7.505113172e-05
1.705333333	7.54146839e-05
1.706666667	7.417435412e-05
1.708	7.257057914e-05
1.709333333	7.290713149e-05
1.710666667	7.405697189e-05
1.712	7.374690681e-05
1.713333333	7.486628428e-05
1.714666667	7.43880899e-05
1.716	7.25678264e-05
1.717333333	7.357369727e-05
1.718666667	7.404730192e-05
1.72	7.343167512e-05
1.721333333	7.423931842e-05
1.722666667	7.54358484e-05
1.724	7.546102029e-05
1.725333333	7.537485779e-05
1.726666667	7.312024325e-05
1.728	7.21470314e-05
1.729333333	7.242449769e-05
1.730666667	7.356141711e-05
1.732	7.361563295e-05
1.733333333	7.574692039e-05
1.734666667	7.560565362e-05
1.736	7.300350105e-05
1.737333333	7.355534774e-05
1.738666667	7.355413945e-05
1.74	7.730507063e-05
1.741333333	7.346902409e-05
1.742666667	7.057544824e-05
1.744	7.098941191e-05
1.745333333	7.360313553e-05
1.746666667	7.280486306e-05
1.748	7.291408563e-05
1.749333333	7.269383773e-05
1.750666667	7.321429471e-05
1.752	7.4364164e-05
1.753333333	7.381476326e-05
1.754666667	7.384072735e-05
1.756	7.50968516e-05
1.757333333	7.402912237e-05
1.758666667	7.550156876e-05
1.76	7.217127522e-05
1.761333333	7.50329013e-05
1.762666667	7.418632701e-05
1.764	7.255183449e-05
1.765333333	7.350316397e-05
1.766666667	7.271400743e-05
1.768	7.238762815e-05
1.769333333	7.206174096e-05
1.770666667	7.439324641e-05
1.772	7.487906516e-05
1.773333333	7.411891205e-05
1.774666667	6.987043725e-05
1.776	7.043964757e-05
1.777333333	7.081893697e-05
1.778666667	7.478722856e-05
1.78	7.262760269e-05
1.781333333	7.330083898e-05
1.782666667	7.397306781e-05
1.784	7.440211457e-05
1.785333333	7.332476778e-05
1.786666667	7.052945429e-05
1.788	7.243676736e-05
1.789333333	7.418026704e-05
1.790666667	7.484883643e-05
1.792	7.423056887e-05
1.793333333	7.061515528e-05
1.794666667	7.152562059e-05
1.796	7.532143142e-05
1.797333333	7.136604242e-05
1.798666667	7.216716922e-05
1.8	7.278042387e-05
1.801333333	7.400570923e-05
1.802666667	7.150100955e-05
1.804	7.256576833e-05
1.805333333	7.219306952e-05
1.806666667	7.182092102e-05
1.808	7.482132601e-05
1.809333333	7.378449761e-05
1.810666667	7.248407579e-05
1.812	7.285460114e-05
1.813333333	7.499827878e-05
1.814666667	7.158354137e-05
1.816	7.306414842e-05
1.817333333	6.984074665e-05
1.818666667	7.253465002e-05
1.82	7.300901338e-05
1.821333333	7.371989291e-05
1.822666667	7.27177955e-05
1.824	7.284884736e-05
1.825333333	7.216443888e-05
1.826666667	7.253222152e-05
1.828	7.387111021e-05
1.829333333	7.352859252e-05
1.830666667	7.384213265e-05
1.832	7.399799668e-05
1.833333333	7.106389918e-05
1.834666667	7.318394313e-05
1.836	7.237253815e-05
1.837333333	7.506335167e-05
1.838666667	7.184980485e-05
1.84	7.104113155e-05
1.841333333	7.312744307e-05
1.842666667	7.226691263e-05
1.844	7.328197967e-05
1.845333333	7.328103884e-05
1.846666667	7.289017334e-05
1.848	7.335709018e-05
1.849333333	7.296673364e-05
1.850666667	7.478174317e-05
1.852	7.257651011e-05
1.853333333	7.314591468e-05
1.854666667	7.205799463e-05
1.856	7.291146071e-05
1.857333333	7.117912843e-05
1.858666667	7.45114094e-05
1.86	7.151579009e-05
1.861333333	7.169665413e-05
1.862666667	7.200611762e-05
1.864	7.404060627e-05
1.865333333	7.200608076e-05
1.866666667	7.249467494e-05
1.868	7.388200447e-05
1.869333333	7.241690171e-05
1.870666667	7.313511083e-05
1.872	7.326250385e-05
1.873333333	7.48759597e-05
1.874666667	7.361917273e-05
1.876	7.272241135e-05
1.877333333	7.187806479e-05
1.878666667	7.111157356e-05
1.88	7.292510392e-05
1.881333333	7.363887924e-05
1.882666667	7.098593094e-05
1.884	7.26428199e-05
1.885333333	7.304973911e-05
1.886666667	7.25146645e-05
1.888	7.233630666e-05
1.889333333	7.147218958e-05
1.890666667	7.192956614e-05
1.892	7.284299371e-05
1.893333333	7.167609649e-05
1.894666667	7.334850456e-05
1.896	7.205630127e-05
1.897333333	7.327067901e-05
1.898666667	7.471089645e-05
1.9	7.304148125e-05
1.901333333	7.369716933e-05
1.902666667	7.447808663e-05
1.904	7.266107074e-05
1.905333333	7.228267849e-05
1.906666667	7.125022e-05
1.908	7.34898953e-05
1.909333333	7.180435486e-05
1.910666667	7.157836144e-05
1.912	7.2482476e-05
1.913333333	7.102696386e-05
1.914666667	7.238149031e-05
1.916	7.208056221e-05
1.917333333	7.468430327e-05
1.918666667	7.188026897e-05
1.92	7.005520295e-05
1.921333333	7.113087291e-05
1.922666667	6.975826795e-05
1.924	7.262904228e-05
1.925333333	7.145676184e-05
1.926666667	7.148203962e-05
1.928	7.290157484e-05
1.929333333	7.474212207e-05
1.930666667	7.297489302e-05
1.932	7.066348078e-05
1.933333333	7.356942566e-05
1.934666667	7.17818479e-05
1.936	7.634429387e-05
1.937333333	7.086533196e-05
1.938666667	7.262413299e-05
1.94	7.475167585e-05
1.941333333	7.12138084e-05
1.942666667	7.432779971e-05
1.944	7.249890073e-05
1.945333333	7.21037267e-05
1.946666667	7.291739736e-05
1.948	7.264568976e-05
1.949333333	7.40735137e-05
1.950666667	7.264477989e-05
1.952	7.473463316e-05
1.953333333	7.161172005e-05
1.954666667	7.283988605e-05
1.956	7.666778066e-05
1.957333333	6.857139598e-05
1.958666667	7.100002116e-05
1.96	7.264161484e-05
1.961333333	7.317961044e-05
1.962666667	7.227384377e-05
1.964	7.447338337e-05
1.965333333	7.127202219e-05
1.966666667	7.407946758e-05
1.968	7.339507316e-05
1.969333333	7.244347717e-05
1.970666667	7.217521657e-05
1.972	7.606986169e-05
1.973333333	7.161545738e-05
1.974666667	7.2344988e-05
1.976	7.110579565e-05
1.977333333	7.630159435e-05
1.978666667	7.299927903e-05
1.98	7.413805922e-05
1.981333333	7.292522425e-05
1.982666667	7.350566102e-05
1.984	7.260941786e-05
1.985333333	7.268153169e-05
1.986666667	7.328512561e-05
1.988	7.333254296e-05
1.989333333	7.132883089e-05
1.990666667	7.405415154e-05
1.992	7.407686085e-05
1.993333333	7.248606264e-05
1.994666667	7.340021901e-05
1.996	7.224489113e-05
1.997333333	7.371075825e-05
1.998666667	7.277292231e-05
2	7.450049808e-05
2.001333333	7.296374952e-05
2.002666667	7.349042311e-05
2.004	7.492662963e-05
2.005333333	7.504435799e-05
2.006666667	7.461173112e-05
2.008	7.37015631e-05
2.009333333	7.513381611e-05
2.010666667	7.544208727e-05
2.012	7.577380797e-05
2.013333333	7.460301504e-05
2.014666667	7.512546531e-05
2.016	7.588533327e-05
2.017333333	7.588275146e-05
2.018666667	7.338333251e-05
2.02	7.397649946e-05
2.021333333	7.300151216e-05
2.022666667	7.447224712e-05
2.024	7.411485371e-05
2.025333333	7.371052875e-05
2.026666667	7.685956648e-05
2.028	7.368458299e-05
2.029333333	7.59542855e-05
2.030666667	7.476973207e-05
2.032	7.495688796e-05
2.033333333	7.75990151e-05
2.034666667	7.773688621e-05
2.036	7.469169207e-05
2.037333333	7.41951258e-05
2.038666667	7.388757786e-05
2.04	7.915720291e-05
2.041333333	7.647176901e-05
2.042666667	7.444784064e-05
2.044	7.543258437e-05
2.045333333	7.845787298e-05
2.046666667	7.655387719e-05
2.048	7.82619261e-05
2.049333333	7.725062833e-05
2.050666667	7.633427904e-05
2.052	7.455357896e-05
2.053333333	7.724035821e-05
2.054666667	7.457360084e-05
2.056	7.3521281e-05
2.057333333	7.662348655e-05
2.058666667	7.811278226e-05
2.06	7.344838147e-05
2.061333333	7.663776074e-05
2.062666667	7.386537923e-05
2.064	7.525957978e-05
2.065333333	8.057987062e-05
2.066666667	7.546438977e-05
2.068	7.666916562e-05
2.069333333	7.467119998e-05
2.070666667	7.566629601e-05
2.072	7.902316059e-05
2.073333333	7.327687194e-05
2.074666667	7.348427472e-05
2.076	7.591117111e-05
2.077333333	7.602418558e-05
2.078666667	7.486694947e-05
2.08	7.668826211e-05
2.081333333	7.613172762e-05
2.082666667	7.532237287e-05
2.084	7.506686316e-05
2.085333333	7.596262921e-05
2.086666667	7.513193026e-05
2.088	7.558970853e-05
2.089333333	7.52657559e-05
2.090666667	7.604430804e-05
2.092	7.482560027e-05
2.093333333	7.459447763e-05
2.094666667	7.695320013e-05
2.096	7.585074951e-05
2.097333333	7.573385204e-05
2.098666667	7.849906171e-05
2.1	7.696342481e-05
2.101333333	7.600082859e-05
2.102666667	7.697993227e-05
2.104	7.330359793e-05
2.105333333	7.699639791e-05
2.106666667	7.849708506e-05
2.108	7.621582341e-05
2.109333333	7.450637134e-05
2.110666667	7.520979588e-05
2.112	7.970794858e-05
2.113333333	7.48650111e-05
2.114666667	7.533988273e-05
2.116	7.830953487e-05
2.117333333	7.787479945e-05
2.118666667	7.488040393e-05
2.12	7.385966921e-05
2.121333333	7.605342429e-05
2.122666667	7.733986273e-05
2.124	7.661330383e-05
2.125333333	7.783001947e-05
2.126666667	7.802949384e-05
2.128	7.563462861e-05
2.129333333	7.441500842e-05
2.130666667	7.680156471e-05
2.132	7.56277704e-05
2.133333333	7.794308168e-05
2.134666667	7.937851331e-05
2.136	7.768843455e-05
2.137333333	7.382196476e-05
2.138666667	7.516750187e-05
2.14	7.817123887e-05
2.141333333	7.525319878e-05
2.142666667	7.484791028e-05
2.144	7.701785069e-05
2.145333333	7.701471889e-05
2.146666667	7.949367187e-05
2.148	7.519834338e-05
2.149333333	7.738501354e-05
2.150666667	7.697991104e-05
2.152	7.96311853e-05
2.153333333	7.697371771e-05
2.154666667	7.815136289e-05
2.156	7.674489712e-05
2.157333333	7.887799886e-05
2.158666667	7.8095451e-05
2.16	7.671384814e-05
2.161333333	7.686639224e-05
2.162666667	7.706313939e-05
2.164	7.539636234e-05
2.165333333	7.832046879e-05
2.166666667	7.731960827e-05
2.168	7.793627119e-05
2.169333333	7.919386968e-05
2.170666667	7.770781431e-05
2.172	7.861040542e-05
2.173333333	7.712653206e-05
2.174666667	7.776349546e-05
2.176	7.460543362e-05
2.177333333	7.550771357e-05
2.178666667	7.546148907e-05
2.18	7.836587677e-05
2.181333333	7.664553496e-05
2.182666667	7.851201801e-05
2.184	7.635411351e-05
2.185333333	7.955838051e-05
2.186666667	7.878544115e-05
2.188	7.73333494e-05
2.189333333	7.662848279e-05
2.190666667	7.866345262e-05
2.192	7.701699927e-05
2.193333333	7.900548762e-05
2.194666667	7.633284937e-05
2.196	7.729198396e-05
2.197333333	7.846840745e-05
2.198666667	7.619393609e-05
2.2	7.824235237e-05
2.201333333	7.740994487e-05
2.202666667	7.941155935e-05
2.204	8.023467304e-05
2.205333333	7.790071305e-05
2.206666667	7.604813821e-05
2.208	8.18719368e-05
2.209333333	7.821589053e-05
2.210666667	7.638819215e-05
2.212	7.911978934e-05
2.213333333	7.90504251e-05
2.214666667	7.811417245e-05
2.216	7.600933911e-05
2.217333333	7.672130705e-05
2.218666667	7.71944317e-05
2.22	7.915892053e-05
2.221333333	7.671276735e-05
2.222666667	7.724983419e-05
2.224	7.927550542e-05
2.225333333	7.612185819e-05
2.226666667	7.870627223e-05
2.228	8.049044369e-05
2.229333333	7.792308462e-05
2.230666667	7.630562232e-05
2.232	7.931386787e-05
2.233333333	7.868618884e-05
2.234666667	7.825258138e-05
2.236	7.631676999e-05
2.237333333	7.674327791e-05
2.238666667	7.738369629e-05
2.24	7.708047166e-05
2.241333333	7.947606776e-05
2.242666667	7.867967637e-05
2.244	8.025862048e-05
2.245333333	7.877860847e-05
2.246666667	7.832589735e-05
2.248	7.930436214e-05
2.249333333	7.699528257e-05
2.250666667	8.038338483e-05
2.252	7.873716252e-05
2.253333333	7.768935235e-05
2.254666667	8.06452382e-05
2.256	7.838474561e-05
2.257333333	7.812578757e-05
2.258666667	7.890848078e-05
2.26	7.7481352e-05
2.261333333	7.807246013e-05
2.262666667	7.658386348e-05
2.264	7.982503753e-05
2.265333333	7.655725341e-05
2.266666667	7.822753688e-05
2.268	7.995934928e-05
2.269333333	7.79663694e-05
2.270666667	7.963288197e-05
2.272	7.855090289e-05
2.273333333	7.782914493e-05
2.274666667	7.729815512e-05
2.276	7.991020531e-05
2.277333333	7.870413226e-05
2.278666667	7.876339286e-05
2.28	7.576989324e-05
2.281333333	7.656722561e-05
2.282666667	7.595472085e-05
2.284	7.870551693e-05
2.285333333	7.664321047e-05
2.286666667	7.781602285e-05
2.288	7.74769506e-05
2.289333333	7.724310935e-05
2.290666667	8.040424667e-05
2.292	8.027368808e-05
2.293333333	7.859441668e-05
2.294666667	7.706352641e-05
2.296	8.011289154e-05
2.297333333	7.624275248e-05
2.298666667	7.834936406e-05
2.3	7.652998797e-05
2.301333333	7.953087772e-05
2.302666667	7.913043531e-05
2.304	8.027214844e-05
2.305333333	8.012159998e-05
2.306666667	7.697464573e-05
2.308	7.649341587e-05
2.309333333	7.940078586e-05
2.310666667	7.781771308e-05
2.312	7.800119978e-05
2.313333333	7.712624555e-05
2.314666667	7.892745508e-05
2.316	7.724467298e-05
2.317333333	7.757306345e-05
2.318666667	7.955722444e-05
2.32	7.841492126e-05
2.321333333	7.886614173e-05
2.322666667	8.154879271e-05
2.324	7.797010211e-05
2.325333333	7.728546462e-05
2.326666667	7.825206423e-05
2.328	7.958869529e-05
2.329333333	7.826548921e-05
2.330666667	7.988891612e-05
2.332	8.097531623e-05
2.333333333	7.903643585e-05
2.334666667	8.030712116e-05
2.336	8.003524047e-05
2.337333333	7.768948606e-05
2.338666667	7.957450845e-05
2.34	8.055480719e-05
2.341333333	7.677766889e-05
2.342666667	7.880341885e-05
2.344	7.828758534e-05
2.345333333	7.711741355e-05
2.346666667	7.90986069e-05
2.348	7.805196272e-05
2.349333333	7.686348605e-05
2.350666667	7.810633281e-05
2.352	7.793959203e-05
2.353333333	7.559058147e-05
2.354666667	7.793284125e-05
2.356	7.874442032e-05
2.357333333	7.656183895e-05
2.358666667	7.881817353e-05
2.36	7.836684737e-05
2.361333333	7.803799718e-05
2.362666667	7.681560484e-05
2.364	7.886365686e-05
2.365333333	7.676956544e-05
2.366666667	7.840969776e-05
2.368	7.775742241e-05
2.369333333	7.894945344e-05
2.370666667	7.827736072e-05
2.372	7.620972245e-05
2.373333333	7.9180403e-05
2.374666667	7.79231209e-05
2.376	7.854605247e-05
2.377333333	7.894618585e-05
2.378666667	7.791312465e-05
2.38	7.774845434e-05
2.381333333	7.758396849e-05
2.382666667	7.715777355e-05
2.384	7.896696971e-05
2.385333333	7.556225858e-05
2.386666667	7.8134575e-05
2.388	7.905576669e-05
2.389333333	7.680180365e-05
2.390666667	7.750185084e-05
2.392	7.904393159e-05
2.393333333	8.018317721e-05
2.394666667	7.769307179e-05
2.396	7.923247095e-05
2.397333333	7.962888338e-05
2.398666667	7.806375576e-05
2.4	7.910038014e-05
2.401333333	7.78770974e-05
2.402666667	7.737437684e-05
2.404	7.990716904e-05
2.405333333	7.940388035e-05
2.406666667	7.818314104e-05
2.408	7.863817908e-05
2.409333333	7.779774449e-05
2.410666667	7.789408389e-05
2.412	7.950275974e-05
2.413333333	7.685329004e-05
2.414666667	7.79041634e-05
2.416	7.893400893e-05
2.417333333	7.6309095e-05
2.418666667	7.807297515e-05
2.42	7.88233383e-05
2.421333333	7.923586964e-05
2.422666667	7.972719846e-05
2.424	7.851501282e-05
2.425333333	7.94613937e-05
2.426666667	7.747925666e-05
2.428	7.963109953e-05
2.429333333	7.86982481e-05
2.430666667	7.772692498e-05
2.432	7.796061596e-05
2.433333333	7.845048938e-05
2.434666667	7.686972576e-05
2.436	7.517246638e-05
2.437333333	7.635233958e-05
2.438666667	7.991255249e-05
2.44	7.683936354e-05
2.441333333	7.746587352e-05
2.442666667	7.90938827e-05
2.444	7.816692409e-05
2.445333333	7.826169599e-05
2.446666667	7.784628308e-05
2.448	7.58823042e-05
2.449333333	7.642889984e-05
2.450666667	8.071591988e-05
2.452	7.988898333e-05
2.453333333	7.970859725e-05
2.454666667	7.886355205e-05
2.456	7.760900181e-05
2.457333333	7.703948014e-05
2.458666667	7.586537138e-05
2.46	7.859496703e-05
2.461333333	7.724577356e-05
2.462666667	7.663870029e-05
2.464	7.66751398e-05
2.465333333	7.772397645e-05
2.466666667	7.569709263e-05
2.468	8.005163573e-05
2.469333333	7.734534065e-05
2.470666667	7.697331459e-05
2.472	7.763081279e-05
2.473333333	7.840404355e-05
2.474666667	7.84781675e-05
2.476	7.696255678e-05
2.477333333	7.788990326e-05
2.478666667	7.618258834e-05
2.48	7.817386856e-05
2.481333333	7.820922832e-05
2.482666667	7.716184813e-05
2.484	7.787403868e-05
2.485333333	7.711766066e-05
2.486666667	7.823447091e-05
2.488	7.593530999e-05
2.489333333	7.724437872e-05
2.490666667	7.843641443e-05
2.492	7.714243656e-05
2.493333333	7.918030564e-05
2.494666667	7.544371461e-05
2.496	7.824953983e-05
2.497333333	7.647791627e-05
2.498666667	7.883836127e-05
2.5	7.816270692e-05
2.501333333	7.827454839e-05
2.502666667	7.775334995e-05
2.504	7.637009272e-05
2.505333333	7.795795251e-05
2.506666667	7.607818951e-05
2.508	7.789417918e-05
2.509333333	7.745108176e-05
2.510666667	7.561282022e-05
2.512	7.803762484e-05
2.513333333	7.6124611e-05
2.514666667	7.763035451e-05
2.516	7.646361687e-05
2.517333333	7.884469679e-05
2.518666667	7.722117069e-05
2.52	7.733268178e-05
2.521333333	7.656835528e-05
2.522666667	7.801200589e-05
2.524	7.876950933e-05
2.525333333	7.880393826e-05
2.526666667	7.710958673e-05
2.528	7.75056112e-05
2.529333333	7.569986815e-05
2.530666667	7.852401374e-05
2.532	7.82551667e-05
2.533333333	7.650872252e-05
2.534666667	7.472624178e-05
2.536	7.727997697e-05
2.537333333	7.778795859e-05
2.538666667	7.903279379e-05
2.54	7.564644913e-05
2.541333333	7.857209106e-05
2.542666667	7.543494947e-05
2.544	7.765952918e-05
2.545333333	7.550676057e-05
2.546666667	7.712583805e-05
2.548	7.631310687e-05
2.549333333	7.640498137e-05
2.550666667	7.719304026e-05
2.552	7.720912465e-05
2.553333333	7.684921759e-05
2.554666667	7.895103461e-05
2.556	7.678779924e-05
2.557333333	7.845576166e-05
2.558666667	7.66514708e-05
2.56	7.531780401e-05
2.561333333	7.790218641e-05
2.562666667	7.816132801e-05
2.564	7.686639801e-05
2.565333333	7.667675009e-05
2.566666667	7.611327823e-05
2.568	7.773727829e-05
2.569333333	7.689361636e-05
2.570666667	7.636825287e-05
2.572	7.748571332e-05
2.573333333	7.563625362e-05
2.574666667	7.621229063e-05
2.576	7.831565983e-05
2.577333333	7.566782548e-05
2.578666667	7.786237057e-05
2.58	7.787793436e-05
2.581333333	7.768893962e-05
2.582666667	7.883827199e-05
2.584	7.829604079e-05
2.585333333	7.645474968e-05
2.586666667	7.719469942e-05
2.588	7.583809185e-05
2.589333333	7.589171677e-05
2.590666667	7.685314669e-05
2.592	7.609139218e-05
2.593333333	7.682962611e-05
2.594666667	7.703062463e-05
2.596	7.634391172e-05
2.597333333	7.785704682e-05
2.598666667	7.672731767e-05
2.6	7.611566203e-05
2.601333333	7.637186664e-05
2.602666667	7.834294376e-05
2.604	7.835811793e-05
2.605333333	7.695467236e-05
2.606666667	7.62155671e-05
2.608	7.599254623e-05
2.609333333	7.799557033e-05
2.610666667	7.600683271e-05
2.612	7.536160292e-05
2.613333333	7.813329716e-05
2.614666667	7.680840789e-05
2.616	7.753987812e-05
2.617333333	7.755538418e-05
2.618666667	7.522468543e-05
2.62	7.835580034e-05
2.621333333	7.679612587e-05
2.622666667	7.743423433e-05
2.624	7.761438571e-05
2.625333333	7.667908834e-05
2.626666667	7.952740936e-05
2.628	7.603506219e-05
2.629333333	7.606951597e-05
2.630666667	7.926048738e-05
2.632	7.637539618e-05
2.633333333	7.852401374e-05
2.634666667	7.618876402e-05
2.636	7.751589492e-05
2.637333333	7.634830623e-05
2.638666667	7.798325574e-05
2.64	7.723478391e-05
2.641333333	7.748654255e-05
2.642666667	7.624867328e-05
2.644	7.849760801e-05
2.645333333	7.731491152e-05
2.646666667	7.720340957e-05
2.648	7.959347745e-05
2.649333333	7.607487353e-05
2.650666667	7.500442587e-05
2.652	7.880372797e-05
2.653333333	7.7190283e-05
2.654666667	7.651866967e-05
2.656	7.472727351e-05
2.657333333	7.575547574e-05
2.658666667	7.773949575e-05
2.66	7.687046218e-05
2.661333333	7.746318861e-05
2.662666667	7.695569666e-05
2.664	7.416047655e-05
2.665333333	7.552803873e-05
2.666666667	7.619224914e-05
2.668	7.606420959e-05
2.669333333	7.354474515e-05
2.670666667	7.650944634e-05
2.672	7.577067609e-05
2.673333333	7.803107593e-05
2.674666667	7.537208997e-05
2.676	7.641073353e-05
2.677333333	7.526114376e-05
2.678666667	7.65317544e-05
2.68	7.583099892e-05
2.681333333	7.394946755e-05
2.682666667	7.579138587e-05
2.684	7.595044202e-05
2.685333333	7.72711784e-05
2.686666667	7.576784489e-05
2.688	7.987300603e-05
2.689333333	7.708482868e-05
2.690666667	7.451348325e-05
2.692	7.729373287e-05
2.693333333	7.559807562e-05
2.694666667	7.497284731e-05
2.696	7.65024849e-05
2.697333333	7.653583877e-05
2.698666667	7.41858223e-05
2.7	7.498471205e-05
2.701333333	7.610264665e-05
2.702666667	7.523038375e-05
2.704	7.503351966e-05
2.705333333	7.66110756e-05
2.706666667	7.48531757e-05
2.708	7.673058791e-05
2.709333333	7.476176712e-05
2.710666667	7.816020834e-05
2.712	7.329004487e-05
2.713333333	7.723425665e-05
2.714666667	7.61531196e-05
2.716	7.735280484e-05
2.717333333	7.687324306e-05
2.718666667	7.568794284e-05
2.72	7.582729748e-05
2.721333333	7.594887762e-05
2.722666667	7.573538234e-05
2.724	7.627978397e-05
2.725333333	7.508006231e-05
2.726666667	7.597632013e-05
2.728	7.6027151e-05
2.729333333	7.542724253e-05
2.730666667	7.586499951e-05
2.732	7.65834337e-05
2.733333333	7.454417381e-05
2.734666667	7.33493942e-05
2.736	7.580479521e-05
2.737333333	7.632897584e-05
2.738666667	7.518765133e-05
2.74	7.478318247e-05
2.741333333	7.492189253e-05
2.742666667	7.467545248e-05
2.744	7.631840808e-05
2.745333333	7.598411061e-05
2.746666667	7.559771218e-05
2.748	7.575315707e-05
2.749333333	7.487841467e-05
2.750666667	7.676158587e-05
2.752	7.499769505e-05
2.753333333	7.680925264e-05
2.754666667	7.839253844e-05
2.756	7.640401103e-05
2.757333333	7.516593318e-05
2.758666667	7.707830129e-05
2.76	7.745843459e-05
2.761333333	7.470937619e-05
2.762666667	7.495129431e-05
2.764	7.569658091e-05
2.765333333	7.581628912e-05
2.766666667	7.730644045e-05
2.768	7.641950963e-05
2.769333333	7.787327095e-05
2.770666667	7.516792322e-05
2.772	7.769444603e-05
2.773333333	7.50437076e-05
2.774666667	7.568229114e-05
2.776	7.640671358e-05
2.777333333	7.835747621e-05
2.778666667	7.918356269e-05
2.78	7.793698285e-05
2.781333333	7.691594385e-05
2.782666667	7.83452507e-05
2.784	7.610089746e-05
2.785333333	7.528899482e-05
2.786666667	7.518406556e-05
2.788	7.700743538e-05
2.789333333	7.550795073e-05
2.790666667	7.65726404e-05
2.792	7.660482958e-05
2.793333333	7.51076849e-05
2.794666667	7.759656475e-05
2.796	7.670121288e-05
2.797333333	7.647590031e-05
2.798666667	7.788009312e-05
2.8	7.5888781e-05
2.801333333	7.544143373e-05
2.802666667	7.651872129e-05
2.804	7.622556014e-05
2.805333333	7.58129101e-05
2.806666667	7.550326141e-05
2.808	7.444179684e-05
2.809333333	7.584162249e-05
2.810666667	7.58910219e-05
2.812	7.626468712e-05
2.813333333	7.749104792e-05
2.814666667	7.784654801e-05
2.816	7.746878338e-05
2.817333333	7.428030964e-05
2.818666667	7.499442712e-05
2.82	7.580999308e-05
2.821333333	7.713516625e-05
2.822666667	7.643554333e-05
2.824	7.40199307e-05
2.825333333	7.687303878e-05
2.826666667	7.552927074e-05
2.828	7.661383671e-05
2.829333333	7.715451644e-05
2.830666667	7.521903758e-05
2.832	7.553953421e-05
2.833333333	7.458918878e-05
2.834666667	7.687385803e-05
2.836	7.551758841e-05
2.837333333	7.560050903e-05
2.838666667	7.515918197e-05
2.84	7.453236101e-05
2.841333333	7.62204461e-05
2.842666667	7.68769681e-05
2.844	7.74991204e-05
2.845333333	7.464565988e-05
2.846666667	7.712300357e-05
2.848	7.511505544e-05
2.849333333	7.642752854e-05
2.850666667	7.704843578e-05
2.852	7.733216963e-05
2.853333333	7.721191582e-05
2.854666667	7.6789124e-05
2.856	7.687090877e-05
2.857333333	7.599511901e-05
2.858666667	7.574139036e-05
2.86	7.580676674e-05
2.861333333	7.488237339e-05
2.862666667	7.811703509e-05
2.864	7.734325878e-05
2.865333333	7.551487071e-05
2.866666667	7.561368741e-05
2.868	7.536096203e-05
2.869333333	7.654707482e-05
2.870666667	7.470573417e-05
2.872	7.492172992e-05
2.873333333	7.608969034e-05
2.874666667	7.4701941e-05
2.876	7.423338249e-05
2.877333333	7.51164537e-05
2.878666667	7.646557017e-05
2.88	7.549686664e-05
2.881333333	7.537863118e-05
2.882666667	7.672575388e-05
2.884	7.632413096e-05
2.885333333	7.627221772e-05
2.886666667	7.703509879e-05
2.888	7.568656092e-05
2.889333333	7.571807448e-05
2.890666667	7.420534393e-05
2.892	7.536609427e-05
2.893333333	7.465119997e-05
2.894666667	7.456706188e-05
2.896	7.839443616e-05
2.897333333	7.753003888e-05
2.898666667	7.565636083e-05
2.9	7.648222086e-05
2.901333333	7.934216021e-05
2.902666667	7.538672113e-05
2.904	7.56330799e-05
2.905333333	7.65895992e-05
2.906666667	7.678564087e-05
2.908	7.589214184e-05
2.909333333	7.476849134e-05
2.910666667	7.735619765e-05
2.912	7.468352356e-05
2.913333333	7.387499911e-05
2.914666667	7.718414124e-05
2.916	7.551928358e-05
2.917333333	7.62744877e-05
2.918666667	7.617385477e-05
2.92	7.68623196e-05
2.921333333	7.66793596e-05
2.922666667	7.746550119e-05
2.924	7.665865803e-05
2.925333333	7.672215581e-05
2.926666667	7.775320575e-05
2.928	7.604573554e-05
2.929333333	7.707615462e-05
2.930666667	7.468267973e-05
2.932	7.594196605e-05
2.933333333	7.639832578e-05
2.934666667	7.526779185e-05
2.936	7.845416309e-05
2.937333333	7.892510121e-05
2.938666667	7.6226974e-05
2.94	7.643728274e-05
2.941333333	7.599466583e-05
2.942666667	7.512836468e-05
2.944	7.644752934e-05
2.945333333	7.747216765e-05
2.946666667	7.538471169e-05
2.948	7.609955595e-05
2.949333333	7.54304552e-05
2.950666667	7.69417031e-05
2.952	7.643542042e-05
2.953333333	7.610836757e-05
2.954666667	7.596030186e-05
2.956	7.792323034e-05
2.957333333	7.688182608e-05
2.958666667	7.472199083e-05
2.96	7.669903947e-05
2.961333333	7.572442607e-05
2.962666667	7.594955249e-05
2.964	7.703273466e-05
2.965333333	7.64153841e-05
2.966666667	7.439101608e-05
2.968	7.589390326e-05
2.969333333	7.556885632e-05
2.970666667	7.463012746e-05
2.972	7.677688233e-05
2.973333333	7.716215598e-05
2.974666667	7.377138345e-05
2.976	7.530276386e-05
2.977333333	7.697786154e-05
2.978666667	7.480026098e-05
2.98	7.589424703e-05
2.981333333	7.616618577e-05
2.982666667	7.672754066e-05
2.984	7.687018395e-05
2.985333333	7.690015514e-05
2.986666667	7.548374298e-05
2.988	7.634960593e-05
2.989333333	7.761610355e-05
2.990666667	7.727655867e-05
2.992	7.385725711e-05
2.993333333	7.669458556e-05
2.994666667	7.510574505e-05
2.996	7.701079966e-05
2.997333333	7.635201098e-05
2.998666667	7.766258359e-05
3	7.537217374e-05
3.001333333	7.661804873e-05
3.002666667	7.768698228e-05
3.004	7.739684698e-05
3.005333333	7.610080948e-05
3.006666667	7.498152247e-05
3.008	7.751729561e-05
3.009333333	7.692470826e-05
3.010666667	7.615727851e-05
3.012	7.48168528e-05
3.013333333	7.489523933e-05
3.014666667	7.495763517e-05
3.016	7.532234739e-05
3.017333333	7.571855173e-05
3.018666667	7.702071916e-05
3.02	7.830584331e-05
3.021333333	7.542765007e-05
3.022666667	7.601365893e-05
3.024	7.420245142e-05
3.025333333	7.602596819e-05
3.026666667	7.635720767e-05
3.028	7.510303435e-05
3.029333333	7.665439436e-05
3.030666667	7.757089864e-05
3.032	7.482979881e-05
3.033333333	7.685393277e-05
3.034666667	7.66145453e-05
3.036	7.782983593e-05
3.037333333	7.608899355e-05
3.038666667	7.681378587e-05
3.04	7.663799059e-05
3.041333333	7.630453246e-05
3.042666667	7.732799819e-05
3.044	7.541774251e-05
3.045333333	7.598363208e-05
3.046666667	7.631271518e-05
3.048	7.593288734e-05
3.049333333	7.700149842e-05
3.050666667	7.707797042e-05
3.052	7.658822037e-05
3.053333333	7.561158853e-05
3.054666667	7.559429038e-05
3.056	7.794860502e-05
3.057333333	7.375434354e-05
3.058666667	7.628002214e-05
3.06	7.557230479e-05
3.061333333	7.762463356e-05
3.062666667	7.813934352e-05
3.064	7.871626513e-05
3.065333333	7.594184854e-05
3.066666667	7.608098751e-05
3.068	7.759672154e-05
3.069333333	7.571775689e-05
3.070666667	7.651331016e-05
3.072	7.674570419e-05
3.073333333	7.846154435e-05
3.074666667	7.580493598e-05
3.076	7.586569302e-05
3.077333333	7.782923644e-05
3.078666667	7.645475772e-05
3.08	7.696707697e-05
3.081333333	7.603031129e-05
3.082666667	7.430028353e-05
3.084	7.652483479e-05
3.085333333	7.568281455e-05
3.086666667	7.664530678e-05
3.088	7.687643942e-05
3.089333333	7.55226552e-05
3.090666667	7.626655423e-05
3.092	7.753759497e-05
3.093333333	7.575081888e-05
3.094666667	7.787401786e-05
3.096	7.494141551e-05
3.097333333	7.599388943e-05
3.098666667	7.496984598e-05
3.1	7.653234027e-05
3.101333333	7.648395389e-05
3.102666667	7.74256676e-05
3.104	7.760888425e-05
3.105333333	7.728188311e-05
3.106666667	7.575008286e-05
3.108	7.723100407e-05
3.109333333	7.675022087e-05
3.110666667	7.76431084e-05
3.112	7.719340719e-05
3.113333333	7.711409088e-05
3.114666667	7.815977618e-05
3.116	7.521507151e-05
3.117333333	7.529067199e-05
3.118666667	7.676672343e-05
3.12	7.722618862e-05
3.121333333	7.507114907e-05
3.122666667	7.50544585e-05
3.124	7.737311037e-05
3.125333333	7.796974958e-05
3.126666667	7.5618508e-05
3.128	7.687519358e-05
3.129333333	7.598351453e-05
3.130666667	7.622710968e-05
3.132	7.568893518e-05
3.133333333	7.536567396e-05
3.134666667	7.608388405e-05
3.136	7.424551522e-05
3.137333333	7.435164319e-05
3.138666667	7.734790518e-05
3.14	7.58323415e-05
3.141333333	7.531121313e-05
3.142666667	7.821161712e-05
3.144	7.738459671e-05
3.145333333	7.62378224e-05
3.146666667	7.538183292e-05
3.148	7.469428398e-05
3.149333333	7.821366404e-05
3.150666667	7.66723981e-05
3.152	7.529993878e-05
3.153333333	7.855583957e-05
3.154666667	7.70620275e-05
3.156	7.385095284e-05
3.157333333	7.7802621e-05
3.158666667	7.480667996e-05
3.16	7.664334787e-05
3.161333333	7.579115943e-05
3.162666667	7.700364226e-05
3.164	7.566658914e-05
3.165333333	7.848541616e-05
3.166666667	7.645164558e-05
3.168	7.717699056e-05
3.169333333	7.423683057e-05
3.170666667	7.640059009e-05
3.172	7.618689126e-05
3.173333333	7.564061987e-05
3.174666667	7.787665655e-05
3.176	7.578866992e-05
3.177333333	7.546984433e-05
3.178666667	7.731054565e-05
3.18	7.671966834e-05
3.181333333	7.563141357e-05
3.182666667	7.736416815e-05
3.184	7.785936894e-05
3.185333333	7.696788926e-05
3.186666667	7.661938056e-05
3.188	7.749065896e-05
3.189333333	7.852674995e-05
3.190666667	7.771169635e-05
3.192	7.632593188e-05
3.193333333	7.585817621e-05
3.194666667	7.941726332e-05
3.196	7.812262873e-05
3.197333333	7.643877402e-05
3.198666667	7.387101167e-05
3.2	7.65850482e-05
3.201333333	7.602839704e-05
3.202666667	7.668611911e-05
3.204	7.502134701e-05
3.205333333	7.758064744e-05
3.206666667	7.703947608e-05
3.208	7.684287189e-05
3.209333333	7.736429035e-05
3.210666667	7.603157619e-05
3.212	7.845065728e-05
3.213333333	7.680492607e-05
3.214666667	7.541438027e-05
3.216	7.654721009e-05
3.217333333	7.770893719e-05
3.218666667	7.724429084e-05
3.22	7.758494523e-05
3.221333333	7.750812658e-05
3.222666667	7.774413526e-05
3.224	7.88434151e-05
3.225333333	7.766496287e-05
3.226666667	7.723123704e-05
3.228	7.684247629e-05
3.229333333	7.636486008e-05
3.230666667	7.778928612e-05
3.232	7.8321507e-05
3.233333333	7.644850103e-05
3.234666667	7.619440864e-05
3.236	7.766105322e-05
3.237333333	7.820727595e-05
3.238666667	7.657452077e-05
3.24	7.624672576e-05
3.241333333	7.843651355e-05
3.242666667	7.753095866e-05
3.244	7.801692992e-05
3.245333333	7.804402824e-05
3.246666667	7.85589563e-05
3.248	7.766961572e-05
3.249333333	7.666283508e-05
3.250666667	7.77830692e-05
3.252	7.690990006e-05
3.253333333	7.707016338e-05
3.254666667	7.78791655e-05
3.256	7.576878518e-05
3.257333333	7.756490091e-05
3.258666667	7.670833672e-05
3.26	7.701558387e-05
3.261333333	7.783767115e-05
3.262666667	7.895330402e-05
3.264	7.834755528e-05
3.265333333	7.82273639e-05
3.266666667	7.843051369e-05
3.268	7.80460229e-05
3.269333333	7.722141945e-05
3.270666667	7.664696162e-05
3.272	7.908009881e-05
3.273333333	7.727366531e-05
3.274666667	7.706631213e-05
3.276	7.848538838e-05
3.277333333	7.526083371e-05
3.278666667	7.675268531e-05
3.28	7.746776811e-05
3.281333333	7.777270865e-05
3.282666667	7.573800363e-05
3.284	7.608724485e-05
3.285333333	7.690370224e-05
3.286666667	7.66972564e-05
3.288	7.628661282e-05
3.289333333	7.681016439e-05
3.290666667	7.800423303e-05
3.292	7.684999055e-05
3.293333333	7.708120057e-05
3.294666667	7.530184337e-05
3.296	7.592666875e-05
3.297333333	7.746802852e-05
3.298666667	7.820787535e-05
3.3	7.660547221e-05
3.301333333	7.538236591e-05
3.302666667	7.62965508e-05
3.304	7.532151233e-05
3.305333333	7.764351617e-05
3.306666667	7.732190013e-05
3.308	7.65072292e-05
3.309333333	7.656341852e-05
3.310666667	7.589468498e-05
3.312	7.687854543e-05
3.313333333	7.729666449e-05
3.314666667	7.693252422e-05
3.316	7.671341914e-05
3.317333333	7.713110033e-05
3.318666667	7.802571153e-05
3.32	7.920873977e-05
3.321333333	7.942260213e-05
3.322666667	7.661724961e-05
3.324	7.699081333e-05
3.325333333	7.807132366e-05
3.326666667	7.76504754e-05
3.328	7.699921196e-05
3.329333333	7.672329281e-05
3.330666667	7.748514916e-05
3.332	7.61433077e-05
3.333333333	7.776872341e-05
3.334666667	7.631269628e-05
3.336	7.773532061e-05
3.337333333	7.501488199e-05
3.338666667	7.660939953e-05
3.34	7.607585373e-05
3.341333333	7.735265672e-05
3.342666667	7.518234416e-05
3.344	7.856837759e-05
3.345333333	7.496458191e-05
3.346666667	7.611071843e-05
3.348	7.732762117e-05
3.349333333	7.496101723e-05
3.350666667	7.682200899e-05
3.352	7.683440148e-05
3.353333333	7.615975754e-05
3.354666667	7.677331271e-05
3.356	7.621364264e-05
3.357333333	7.77416328e-05
3.358666667	7.769647425e-05
3.36	7.75799283e-05
3.361333333	7.707794233e-05
3.362666667	7.704737404e-05
3.364	7.715950659e-05
3.365333333	7.594518368e-05
3.366666667	7.649961106e-05
3.368	7.655482445e-05
3.369333333	7.604019128e-05
3.370666667	7.702110605e-05
3.372	7.834285623e-05
3.373333333	7.76147039e-05
3.374666667	7.454040565e-05
3.376	7.711265975e-05
3.377333333	7.730959167e-05
3.378666667	7.587271119e-05
3.38	7.534577145e-05
3.381333333	7.504635948e-05
3.382666667	7.650660856e-05
3.384	7.599422531e-05
3.385333333	7.586504452e-05
3.386666667	7.550921108e-05
3.388	7.51394912e-05
3.389333333	7.646938186e-05
3.390666667	7.639683913e-05
3.392	7.553196118e-05
3.393333333	7.577101849e-05
3.394666667	7.647646653e-05
3.396	7.82413499e-05
3.397333333	7.650119199e-05
3.398666667	7.617460975e-05
3.4	7.714700735e-05
3.401333333	7.817508654e-05
3.402666667	7.844066308e-05
3.404	7.557583823e-05
3.405333333	7.757584178e-05
3.406666667	7.693964946e-05
3.408	7.713487666e-05
3.409333333	7.604886147e-05
3.410666667	7.7313787e-05
3.412	7.869025896e-05
3.413333333	7.674716313e-05
3.414666667	7.635173581e-05
3.416	7.684179423e-05
3.417333333	7.747191963e-05
3.418666667	7.627642274e-05
3.42	7.805706454e-05
3.421333333	7.683421451e-05
3.422666667	7.806635218e-05
3.424	7.744720764e-05
3.425333333	7.49929553e-05
3.426666667	7.720483883e-05
3.428	7.672676438e-05
3.429333333	7.785857756e-05
3.430666667	7.524009726e-05
3.432	7.690303521e-05
3.433333333	7.775387144e-05
3.434666667	7.666165361e-05
3.436	7.685539749e-05
3.437333333	7.840342238e-05
3.438666667	7.919652565e-05
3.44	7.732410876e-05
3.441333333	7.757308352e-05
3.442666667	7.666471475e-05
3.444	7.783353959e-05
3.445333333	7.738548899e-05
3.446666667	7.7717607e-05
3.448	7.74648279e-05
3.449333333	7.767142682e-05
3.450666667	7.880978551e-05
3.452	7.748627928e-05
3.453333333	7.806789014e-05
3.454666667	7.57037068e-05
3.456	7.668830218e-05
3.457333333	7.60617773e-05
3.458666667	7.511656304e-05
3.46	7.6752217e-05
3.461333333	7.681971035e-05
3.462666667	7.762178648e-05
3.464	7.667742721e-05
3.465333333	7.681412324e-05
3.466666667	7.562159058e-05
3.468	7.571706836e-05
3.469333333	7.560495685e-05
3.470666667	7.745666043e-05
3.472	7.524275454e-05
3.473333333	7.735572595e-05
3.474666667	7.54474476e-05
3.476	7.609508659e-05
3.477333333	7.605210087e-05
3.478666667	7.62299044e-05
3.48	7.564901272e-05
3.481333333	7.415864408e-05
3.482666667	7.838870527e-05
3.484	7.616829332e-05
3.485333333	7.597389869e-05
3.486666667	7.513266935e-05
3.488	7.557179503e-05
3.489333333	7.594180964e-05
3.490666667	7.607779446e-05
3.492	7.740945355e-05
3.493333333	7.446716452e-05
3.494666667	7.618297631e-05
3.496	7.571459237e-05
3.497333333	7.666009768e-05
3.498666667	7.591752132e-05
3.5	7.756159965e-05
3.501333333	7.658621076e-05
3.502666667	7.695443037e-05
3.504	7.59937125e-05
3.505333333	7.69780302e-05
3.506666667	7.521049645e-05
3.508	7.605754476e-05
3.509333333	7.751939971e-05
3.510666667	7.754463857e-05
3.512	7.68865438e-05
3.513333333	7.534097699e-05
3.514666667	7.841228349e-05
3.516	7.742699072e-05
3.517333333	7.704284987e-05
3.518666667	7.700000999e-05
3.52	7.660268676e-05
3.521333333	7.675086686e-05
3.522666667	7.758017976e-05
3.524	7.652934035e-05
3.525333333	7.768485982e-05
3.526666667	7.549158231e-05
3.528	7.8945747e-05
3.529333333	7.920149909e-05
3.530666667	7.770342914e-05
3.532	7.461659042e-05
3.533333333	7.742743381e-05
3.534666667	7.591815017e-05
3.536	7.652747319e-05
3.537333333	7.617298059e-05
3.538666667	7.668680532e-05
3.54	7.692907945e-05
3.541333333	7.608692563e-05
3.542666667	7.788725931e-05
3.544	7.63276067e-05
3.545333333	7.880338417e-05
3.546666667	7.65543931e-05
3.548	7.771604723e-05
3.549333333	7.753809948e-05
3.550666667	7.656275668e-05
3.552	7.660157331e-05
3.553333333	7.585693802e-05
3.554666667	7.682764365e-05
3.556	7.692030591e-05
3.557333333	7.528591008e-05
3.558666667	7.41922209e-05
3.56	7.665859654e-05
3.561333333	7.653555224e-05
3.562666667	7.685717266e-05
3.564	7.701695011e-05
3.565333333	7.87112554e-05
3.566666667	7.741688729e-05
3.568	7.929810114e-05
3.569333333	7.59067911e-05
3.570666667	7.879529184e-05
3.572	7.521858811e-05
3.573333333	7.680231722e-05
3.574666667	7.51624653e-05
3.576	7.757717685e-05
3.577333333	7.522717607e-05
3.578666667	7.615137026e-05
3.58	7.668608283e-05
3.581333333	7.707297885e-05
3.582666667	7.719165331e-05
3.584	7.539522745e-05
3.585333333	7.775001844e-05
3.586666667	7.673086141e-05
3.588	7.774572951e-05
3.589333333	7.658024171e-05
3.590666667	7.62443627e-05
3.592	7.578847635e-05
3.593333333	7.634805294e-05
3.594666667	7.668023125e-05
3.596	7.706555115e-05
3.597333333	7.665006253e-05
3.598666667	7.755525506e-05
3.6	7.619330931e-05
3.601333333	7.584524137e-05
3.602666667	7.789544376e-05
3.604	7.712084796e-05
3.605333333	7.568120336e-05
3.606666667	7.842118294e-05
3.608	7.853852566e-05
3.609333333	7.808398139e-05
3.610666667	7.669927904e-05
3.612	7.570094715e-05
3.613333333	7.588553539e-05
3.614666667	7.912394048e-05
3.616	7.58561086e-05
3.617333333	7.678345841e-05
3.618666667	7.552166753e-05
3.62	7.774778937e-05
3.621333333	7.803724485e-05
3.622666667	7.792902535e-05
3.624	7.878768683e-05
3.625333333	7.754071843e-05
3.626666667	7.581823898e-05
3.628	7.512890728e-05
3.629333333	7.922731075e-05
3.630666667	7.610483958e-05
3.632	7.742479287e-05
3.633333333	7.525638296e-05
3.634666667	7.814707158e-05
3.636	7.757720392e-05
3.637333333	7.599171626e-05
3.638666667	7.624086484e-05
3.64	7.502622611e-05
3.641333333	7.712085772e-05
3.642666667	7.510305176e-05
3.644	7.823664315e-05
3.645333333	7.581174901e-05
3.646666667	7.831103643e-05
3.648	7.842713253e-05
3.649333333	7.613634616e-05
3.650666667	7.784395036e-05
3.652	7.671157188e-05
3.653333333	7.627630744e-05
3.654666667	7.526352171e-05
3.656	7.787477878e-05
3.657333333	7.859440141e-05
3.658666667	7.912984265e-05
3.66	7.754049653e-05
3.661333333	7.840365124e-05
3.662666667	7.739230348e-05
3.664	7.625069948e-05
3.665333333	7.724432611e-05
3.666666667	7.785762822e-05
3.668	7.682177984e-05
3.669333333	7.812804038e-05
3.670666667	7.687056379e-05
3.672	7.74308279e-05
3.673333333	7.676248544e-05
3.674666667	7.743993304e-05
3.676	7.648482975e-05
3.677333333	7.742292149e-05
3.678666667	7.811243992e-05
3.68	7.615387568e-05
3.681333333	7.872076231e-05
3.682666667	7.759749767e-05
3.684	7.70482834e-05
3.685333333	7.808832172e-05
3.686666667	7.79168693e-05
3.688	7.868254772e-05
3.689333333	7.810771678e-05
3.690666667	7.794944778e-05
3.692	7.710229938e-05
3.693333333	7.793214199e-05
3.694666667	7.631917205e-05
3.696	7.797979024e-05
3.697333333	7.808147534e-05
3.698666667	7.906548544e-05
3.7	7.632588852e-05
3.701333333	7.624652027e-05
3.702666667	7.818934749e-05
3.704	7.836852064e-05
3.705333333	7.945428143e-05
3.706666667	7.801431628e-05
3.708	7.73131822e-05
3.709333333	7.64702219e-05
3.710666667	7.796900723e-05
3.712	7.763068025e-05
3.713333333	7.797763099e-05
3.714666667	7.867318728e-05
3.716	7.653966086e-05
3.717333333	7.608613068e-05
3.718666667	7.771089525e-05
3.72	7.710244618e-05
3.721333333	7.840324725e-05
3.722666667	7.70987764e-05
3.724	7.798622618e-05
3.725333333	7.713376249e-05
3.726666667	7.733798126e-05
3.728	7.78510377e-05
3.729333333	7.819642085e-05
3.730666667	7.668897981e-05
3.732	7.71631366e-05
3.733333333	7.80612003e-05
3.734666667	7.75064214e-05
3.736	7.562882321e-05
3.737333333	7.660352604e-05
3.738666667	7.655052662e-05
3.74	7.698521933e-05
3.741333333	7.69192932e-05
3.742666667	7.876416973e-05
3.744	7.830025875e-05
3.745333333	7.774697503e-05
3.746666667	7.684821057e-05
3.748	7.638547651e-05
3.749333333	7.841927781e-05
3.750666667	7.635675096e-05
3.752	7.915663419e-05
3.753333333	7.727433477e-05
3.754666667	7.786046653e-05
3.756	7.589051561e-05
3.757333333	7.551868769e-05
3.758666667	7.59132795e-05
3.76	7.869459703e-05
3.761333333	7.713547086e-05
3.762666667	7.708262102e-05
3.764	7.664727358e-05
3.765333333	7.72064734e-05
3.766666667	7.576476135e-05
3.768	7.692254628e-05
3.769333333	7.632234096e-05
3.770666667	7.604077569e-05
3.772	7.803702697e-05
3.773333333	7.659756903e-05
3.774666667	7.721897912e-05
3.776	7.537408641e-05
3.777333333	7.631314345e-05
3.778666667	7.627350931e-05
3.78	7.56498326e-05
3.781333333	7.571200202e-05
3.782666667	7.7157145e-05
3.784	7.639429489e-05
3.785333333	7.698866663e-05
3.786666667	7.551662282e-05
3.788	7.625025907e-05
3.789333333	7.65020745e-05
3.790666667	7.65891139e-05
3.792	7.516990935e-05
3.793333333	7.706667025e-05
3.794666667	7.724195617e-05
3.796	7.672171774e-05
3.797333333	7.703603308e-05
3.798666667	7.684473651e-05
3.8	7.827025859e-05
3.801333333	7.864682946e-05
3.802666667	7.613281547e-05
3.804	7.668651052e-05
3.805333333	7.635693258e-05
3.806666667	7.480458791e-05
3.808	7.707228425e-05
3.809333333	7.69823059e-05
3.810666667	7.651454094e-05
3.812	7.650036415e-05
3.813333333	7.70148167e-05
3.814666667	7.67991665e-05
3.816	7.502407189e-05
3.817333333	7.704725936e-05
3.818666667	7.69700783e-05
3.82	7.590037873e-05
3.821333333	7.664004028e-05
3.822666667	7.683930177e-05
3.824	7.575821587e-05
3.825333333	7.64093266e-05
3.826666667	7.631998692e-05
3.828	7.863799506e-05
3.829333333	7.621669573e-05
3.830666667	7.557623092e-05
3.832	7.807995067e-05
3.833333333	7.678821735e-05
3.834666667	7.756254629e-05
3.836	7.791093587e-05
3.837333333	7.501965506e-05
3.838666667	7.899458495e-05
3.84	7.84672012e-05
3.841333333	7.512893943e-05
3.842666667	7.768831366e-05
3.844	7.852287867e-05
3.845333333	7.683561809e-05
3.846666667	7.592310712e-05
3.848	7.624603269e-05
3.849333333	7.705500395e-05
3.850666667	7.730252908e-05
3.852	7.720100802e-05
3.853333333	7.717429025e-05
3.854666667	7.582776452e-05
3.856	7.810421419e-05
3.857333333	7.599930042e-05
3.858666667	7.638349824e-05
3.86	7.625763717e-05
3.861333333	7.53985112e-05
3.862666667	7.788241123e-05
3.864	7.743321424e-05
3.865333333	7.647523729e-05
3.866666667	7.791354223e-05
3.868	7.720422554e-05
3.869333333	7.700396131e-05
3.870666667	7.824220203e-05
3.872	7.583532915e-05
3.873333333	7.634204015e-05
3.874666667	7.632815205e-05
3.876	7.465499838e-05
3.877333333	7.668413465e-05
3.878666667	7.695474838e-05
3.88	7.520888524e-05
3.881333333	7.534379792e-05
3.882666667	7.487291006e-05
3.884	7.731863081e-05
3.885333333	7.618033179e-05
3.886666667	7.631472599e-05
3.888	7.459736416e-05
3.889333333	7.600324885e-05
3.890666667	7.347299749e-05
3.892	7.553188604e-05
3.893333333	7.741677897e-05
3.894666667	7.322499837e-05
3.896	7.780726765e-05
3.897333333	7.663536231e-05
3.898666667	7.514418189e-05
3.9	7.574611543e-05
3.901333333	7.665519321e-05
3.902666667	7.601409844e-05
3.904	7.527509105e-05
3.905333333	7.687161751e-05
3.906666667	7.571511724e-05
3.908	7.594718635e-05
3.909333333	7.809431698e-05
3.910666667	7.442264581e-05
3.912	7.702277343e-05
3.913333333	7.71069066e-05
3.914666667	7.679865217e-05
3.916	7.566944589e-05
3.917333333	7.476154397e-05
3.918666667	7.67569896e-05
3.92	7.587382271e-05
3.921333333	7.552979335e-05
3.922666667	7.623823482e-05
3.924	7.645694858e-05
3.925333333	7.48170098e-05
3.926666667	7.539052023e-05
3.928	7.603695344e-05
3.929333333	7.734253358e-05
3.930666667	7.753608085e-05
3.932	7.821774745e-05
3.933333333	7.492105848e-05
3.934666667	7.545677341e-05
3.936	7.733344975e-05
3.937333333	7.74291545e-05
3.938666667	7.470992058e-05
3.94	7.587841847e-05
3.941333333	7.630330698e-05
3.942666667	7.630184479e-05
3.944	7.602049383e-05
3.945333333	7.682201868e-05
3.946666667	7.702711794e-05
3.948	7.690384535e-05
3.949333333	7.40219968e-05
3.950666667	7.597722927e-05
3.952	7.688671673e-05
3.953333333	7.50275827e-05
3.954666667	7.523287209e-05
3.956	7.762181918e-05
3.957333333	7.654051611e-05
3.958666667	7.759377024e-05
3.96	7.768883943e-05
3.961333333	7.695996588e-05
3.962666667	7.726108475e-05
3.964	7.614539874e-05
3.965333333	7.746329476e-05
3.966666667	7.473904804e-05
3.968	7.776199697e-05
3.969333333	7.622444158e-05
3.970666667	7.692408421e-05
3.972	7.723659076e-05
3.973333333	7.522966847e-05
3.974666667	7.550630818e-05
3.976	7.577069116e-05
3.977333333	7.706060169e-05
3.978666667	7.633511463e-05
3.98	7.564629083e-05
3.981333333	7.586205274e-05
3.982666667	7.678867642e-05
3.984	7.728099065e-05
3.985333333	7.72430883e-05
3.986666667	7.580870351e-05
3.988	7.636102573e-05
3.989333333	7.720171817e-05
3.990666667	7.591310668e-05
3.992	7.695777422e-05
3.993333333	7.591048002e-05
3.994666667	7.760324726e-05
3.996	7.548748108e-05
3.997333333	7.691511193e-05
3.998666667	7.727354795e-05
4	7.617989936e-05
