0.001333333333	0
0.002666666667	0
0.004	0
0.005333333333	0
0.006666666667	0
0.008	0
0.009333333333	0
0.01066666667	0
0.012	0
0.01333333333	0
0.01466666667	0
0.016	0
0.01733333333	0
0.01866666667	0
0.02	0
0.02133333333	0
0.02266666667	0
0.024	0
0.02533333333	0
0.02666666667	0
0.028	0
0.02933333333	0
0.03066666667	0
0.032	0
0.03333333333	0
0.03466666667	0
0.036	0
0.03733333333	0
0.03866666667	0
0.04	0
0.04133333333	0
0.04266666667	0
0.044	0
0.04533333333	0
0.04666666667	0
0.048	0
0.04933333333	0
0.05066666667	0
0.052	0
0.05333333333	0
0.05466666667	0
0.056	0
0.05733333333	0
0.05866666667	0
0.06	0
0.06133333333	0
0.06266666667	0
0.064	0
0.06533333333	0
0.06666666667	0
0.068	0
0.06933333333	0
0.07066666667	0
0.072	0
0.07333333333	0
0.07466666667	0
0.076	0
0.07733333333	0
0.07866666667	0
0.08	0
0.08133333333	0
0.08266666667	0
0.084	0
0.08533333333	0
0.08666666667	0
0.088	0
0.08933333333	0
0.09066666667	0
0.092	0
0.09333333333	0
0.09466666667	0
0.096	0
0.09733333333	0
0.09866666667	0
0.1	0
0.1013333333	0
0.1026666667	0
0.104	0
0.1053333333	0
0.1066666667	0
0.108	0
0.1093333333	0
0.1106666667	0
0.112	0
0.1133333333	0
0.1146666667	0
0.116	0
0.1173333333	0
0.1186666667	0
0.12	0
0.1213333333	0
0.1226666667	0
0.124	0
0.1253333333	0
0.1266666667	0
0.128	0
0.1293333333	0
0.1306666667	0
0.132	0
0.1333333333	0
0.1346666667	0
0.136	0
0.1373333333	0
0.1386666667	0
0.14	0
0.1413333333	0
0.1426666667	0
0.144	0
0.1453333333	0
0.1466666667	0
0.148	0
0.1493333333	0
0.1506666667	0
0.152	0
0.1533333333	0
0.1546666667	0
0.156	0
0.1573333333	0
0.1586666667	0
0.16	0
0.1613333333	0
0.1626666667	0
0.164	0
0.1653333333	0
0.1666666667	0
0.168	0
0.1693333333	0
0.1706666667	0
0.172	0
0.1733333333	0
0.1746666667	0
0.176	0
0.1773333333	0
0.1786666667	0
0.18	0
0.1813333333	0
0.1826666667	0
0.184	0
0.1853333333	0
0.1866666667	0
0.188	0
0.1893333333	0
0.1906666667	0
0.192	0
0.1933333333	0
0.1946666667	0
0.196	0
0.1973333333	0
0.1986666667	0
0.2	0
0.2013333333	0
0.2026666667	0
0.204	0
0.2053333333	0
0.2066666667	0
0.208	0
0.2093333333	0
0.2106666667	0
0.212	0
0.2133333333	0
0.2146666667	0
0.216	0
0.2173333333	0
0.2186666667	0
0.22	0
0.2213333333	0
0.2226666667	0
0.224	0
0.2253333333	0
0.2266666667	0
0.228	0
0.2293333333	0
0.2306666667	0
0.232	0
0.2333333333	0
0.2346666667	0
0.236	0
0.2373333333	0
0.2386666667	0
0.24	0
0.2413333333	0
0.2426666667	0
0.244	0
0.2453333333	0
0.2466666667	0
0.248	0
0.2493333333	0
0.2506666667	0
0.252	0
0.2533333333	0
0.2546666667	0
0.256	0
0.2573333333	0
0.2586666667	0
0.26	0
0.2613333333	0
0.2626666667	0
0.264	0
0.2653333333	0
0.2666666667	0
0.268	0
0.2693333333	0
0.2706666667	0
0.272	0
0.2733333333	0
0.2746666667	0
0.276	0
0.2773333333	0
0.2786666667	0
0.28	0
0.2813333333	0
0.2826666667	0
0.284	0
0.2853333333	0
0.2866666667	0
0.288	0
0.2893333333	0
0.2906666667	0
0.292	0
0.2933333333	0
0.2946666667	0
0.296	0
0.2973333333	0
0.2986666667	0
0.3	0
0.3013333333	0
0.3026666667	0
0.304	0
0.3053333333	0
0.3066666667	0
0.308	0
0.3093333333	0
0.3106666667	0
0.312	0
0.3133333333	0
0.3146666667	0
0.316	0
0.3173333333	0
0.3186666667	0
0.32	0
0.3213333333	0
0.3226666667	0
0.324	0
0.3253333333	0
0.3266666667	0
0.328	0
0.3293333333	0
0.3306666667	0
0.332	0
0.3333333333	0
0.3346666667	0
0.336	0
0.3373333333	0
0.3386666667	0
0.34	0
0.3413333333	0
0.3426666667	0
0.344	0
0.3453333333	0
0.3466666667	0
0.348	0
0.3493333333	0
0.3506666667	0
0.352	0
0.3533333333	0
0.3546666667	0
0.356	0
0.3573333333	0
0.3586666667	0
0.36	0
0.3613333333	0
0.3626666667	0
0.364	0
0.3653333333	0
0.3666666667	0
0.368	0
0.3693333333	0
0.3706666667	0
0.372	0
0.3733333333	0
0.3746666667	0
0.376	0
0.3773333333	0
0.3786666667	0
0.38	0
0.3813333333	0
0.3826666667	0
0.384	0
0.3853333333	0
0.3866666667	0
0.388	0
0.3893333333	0
0.3906666667	0
0.392	0
0.3933333333	0
0.3946666667	0
0.396	0
0.3973333333	0
0.3986666667	0
0.4	0
0.4013333333	0
0.4026666667	0
0.404	0
0.4053333333	0
0.4066666667	0
0.408	0
0.4093333333	0
0.4106666667	0
0.412	0
0.4133333333	0
0.4146666667	0
0.416	0
0.4173333333	0
0.4186666667	0
0.42	0
0.4213333333	0
0.4226666667	0
0.424	0
0.4253333333	0
0.4266666667	0
0.428	0
0.4293333333	0
0.4306666667	0
0.432	0
0.4333333333	0
0.4346666667	0
0.436	0
0.4373333333	0
0.4386666667	0
0.44	0
0.4413333333	0
0.4426666667	0
0.444	0
0.4453333333	0
0.4466666667	0
0.448	0
0.4493333333	0
0.4506666667	0
0.452	0
0.4533333333	0
0.4546666667	0
0.456	0
0.4573333333	0
0.4586666667	0
0.46	0
0.4613333333	0
0.4626666667	0
0.464	0
0.4653333333	0
0.4666666667	0
0.468	0
0.4693333333	0
0.4706666667	0
0.472	0
0.4733333333	0
0.4746666667	0
0.476	0
0.4773333333	0
0.4786666667	0
0.48	0
0.4813333333	0
0.4826666667	0
0.484	0
0.4853333333	0
0.4866666667	0
0.488	0
0.4893333333	0
0.4906666667	0
0.492	0
0.4933333333	0
0.4946666667	0
0.496	0
0.4973333333	0
0.4986666667	0
0.5	0
0.5013333333	0
0.5026666667	0
0.504	0
0.5053333333	0
0.5066666667	0
0.508	0
0.5093333333	0
0.5106666667	0
0.512	0
0.5133333333	0
0.5146666667	0
0.516	0
0.5173333333	0
0.5186666667	0
0.52	0
0.5213333333	0
0.5226666667	0
0.524	0
0.5253333333	0
0.5266666667	0
0.528	0
0.5293333333	0
0.5306666667	0
0.532	0
0.5333333333	0
0.5346666667	0
0.536	0
0.5373333333	0
0.5386666667	0
0.54	0
0.5413333333	0
0.5426666667	0
0.544	0
0.5453333333	0
0.5466666667	0
0.548	0
0.5493333333	0
0.5506666667	0
0.552	0
0.5533333333	0
0.5546666667	0
0.556	0
0.5573333333	0
0.5586666667	0
0.56	0
0.5613333333	0
0.5626666667	0
0.564	0
0.5653333333	0
0.5666666667	0
0.568	0
0.5693333333	0
0.5706666667	0
0.572	0
0.5733333333	0
0.5746666667	0
0.576	0
0.5773333333	0
0.5786666667	0
0.58	0
0.5813333333	0
0.5826666667	0
0.584	0
0.5853333333	0
0.5866666667	0
0.588	0
0.5893333333	0
0.5906666667	0
0.592	0
0.5933333333	0
0.5946666667	0
0.596	0
0.5973333333	0
0.5986666667	0
0.6	0
0.6013333333	0
0.6026666667	0
0.604	0
0.6053333333	0
0.6066666667	0
0.608	0
0.6093333333	0
0.6106666667	0
0.612	0
0.6133333333	0
0.6146666667	0
0.616	0
0.6173333333	0
0.6186666667	0
0.62	0
0.6213333333	0
0.6226666667	0
0.624	0
0.6253333333	0
0.6266666667	0
0.628	0
0.6293333333	0
0.6306666667	0
0.632	0
0.6333333333	0
0.6346666667	0
0.636	0
0.6373333333	0
0.6386666667	0
0.64	0
0.6413333333	0
0.6426666667	0
0.644	0
0.6453333333	0
0.6466666667	0
0.648	0
0.6493333333	0
0.6506666667	0
0.652	0
0.6533333333	0
0.6546666667	0
0.656	0
0.6573333333	0
0.6586666667	0
0.66	0
0.6613333333	0
0.6626666667	0
0.664	0
0.6653333333	0
0.6666666667	0
0.668	0
0.6693333333	0
0.6706666667	0
0.672	0
0.6733333333	0
0.6746666667	0
0.676	0
0.6773333333	0
0.6786666667	0
0.68	0
0.6813333333	0
0.6826666667	0
0.684	0
0.6853333333	0
0.6866666667	0
0.688	0
0.6893333333	0
0.6906666667	0
0.692	0
0.6933333333	0
0.6946666667	0
0.696	0
0.6973333333	0
0.6986666667	0
0.7	0
0.7013333333	0
0.7026666667	0
0.704	0
0.7053333333	0
0.7066666667	0
0.708	0
0.7093333333	0
0.7106666667	0
0.712	0
0.7133333333	0
0.7146666667	0
0.716	0
0.7173333333	0
0.7186666667	0
0.72	0
0.7213333333	0
0.7226666667	0
0.724	0
0.7253333333	0
0.7266666667	0
0.728	0
0.7293333333	0
0.7306666667	0
0.732	0
0.7333333333	0
0.7346666667	0
0.736	0
0.7373333333	0
0.7386666667	0
0.74	0
0.7413333333	0
0.7426666667	0
0.744	0
0.7453333333	0
0.7466666667	0
0.748	0
0.7493333333	0
0.7506666667	0
0.752	0
0.7533333333	0
0.7546666667	0
0.756	0
0.7573333333	0
0.7586666667	0
0.76	0
0.7613333333	0
0.7626666667	0
0.764	0
0.7653333333	0
0.7666666667	0
0.768	0
0.7693333333	0
0.7706666667	0
0.772	0
0.7733333333	0
0.7746666667	0
0.776	0
0.7773333333	0
0.7786666667	0
0.78	0
0.7813333333	0
0.7826666667	0
0.784	0
0.7853333333	0
0.7866666667	0
0.788	0
0.7893333333	0
0.7906666667	0
0.792	0
0.7933333333	0
0.7946666667	0
0.796	0
0.7973333333	0
0.7986666667	0
0.8	0
0.8013333333	0
0.8026666667	0
0.804	0
0.8053333333	0
0.8066666667	0
0.808	0
0.8093333333	0
0.8106666667	0
0.812	0
0.8133333333	0
0.8146666667	0
0.816	0
0.8173333333	0
0.8186666667	0
0.82	0
0.8213333333	0
0.8226666667	0
0.824	0
0.8253333333	0
0.8266666667	0
0.828	0
0.8293333333	0
0.8306666667	0
0.832	0
0.8333333333	0
0.8346666667	0
0.836	0
0.8373333333	0
0.8386666667	0
0.84	0
0.8413333333	0
0.8426666667	0
0.844	0
0.8453333333	0
0.8466666667	0
0.848	0
0.8493333333	0
0.8506666667	0
0.852	0
0.8533333333	0
0.8546666667	0
0.856	0
0.8573333333	0
0.8586666667	0
0.86	0
0.8613333333	0
0.8626666667	0
0.864	0
0.8653333333	0
0.8666666667	0
0.868	0
0.8693333333	0
0.8706666667	0
0.872	0
0.8733333333	0
0.8746666667	0
0.876	0
0.8773333333	0
0.8786666667	0
0.88	0
0.8813333333	0
0.8826666667	0
0.884	0
0.8853333333	0
0.8866666667	0
0.888	0
0.8893333333	0
0.8906666667	0
0.892	0
0.8933333333	0
0.8946666667	0
0.896	0
0.8973333333	0
0.8986666667	0
0.9	0
0.9013333333	0
0.9026666667	0
0.904	0
0.9053333333	0
0.9066666667	0
0.908	0
0.9093333333	0
0.9106666667	0
0.912	0
0.9133333333	5.257877715e-08
0.9146666667	5.25020758e-08
0.916	0
0.9173333333	1.04698685e-07
0.9186666667	0
0.92	1.043949905e-07
0.9213333333	0
0.9226666667	1.040930527e-07
0.924	2.078854756e-07
0.9253333333	2.075857128e-07
0.9266666667	2.072868133e-07
0.928	4.139775467e-07
0.9293333333	2.066915892e-07
0.9306666667	5.159881428e-07
0.932	3.091496604e-07
0.9333333333	6.174154046e-07
0.9346666667	8.220453496e-07
0.936	8.721781046e-07
0.9373333333	1.178325948e-06
0.9386666667	1.074333521e-06
0.94	1.379325295e-06
0.9413333333	1.27534277e-06
0.9426666667	1.782952659e-06
0.944	2.034780097e-06
0.9453333333	2.590682881e-06
0.9466666667	3.398649173e-06
0.948	3.089937439e-06
0.9493333333	3.389095697e-06
0.9506666667	4.546127111e-06
0.952	4.337988612e-06
0.9533333333	5.691937781e-06
0.9546666667	6.287591363e-06
0.956	6.379276994e-06
0.9573333333	6.621188615e-06
0.9586666667	7.112880391e-06
0.96	9.654070023e-06
0.9613333333	8.441830993e-06
0.9626666667	9.178367048e-06
0.964	1.155670606e-05
0.9653333333	1.193868903e-05
0.9666666667	1.326345919e-05
0.968	1.379085883e-05
0.9693333333	1.600113677e-05
0.9706666667	1.607808414e-05
0.972	1.783452634e-05
0.9733333333	1.953681767e-05
0.9746666667	2.246614493e-05
0.976	2.312423963e-05
0.9773333333	2.500887104e-05
0.9786666667	2.698649643e-05
0.98	2.802774532e-05
0.9813333333	2.789177238e-05
0.9826666667	3.142115576e-05
0.984	3.323295971e-05
0.9853333333	3.265188339e-05
0.9866666667	3.820457847e-05
0.988	4.082612463e-05
0.9893333333	4.159619451e-05
0.9906666667	4.47877708e-05
0.992	4.835801317e-05
0.9933333333	5.124188494e-05
0.9946666667	5.102832035e-05
0.996	5.33705579e-05
0.9973333333	5.787316107e-05
0.9986666667	6.245989937e-05
1	6.146420466e-05
1.001333333	6.449937726e-05
1.002666667	6.479667867e-05
1.004	6.901504264e-05
1.005333333	7.441630985e-05
1.006666667	7.717972147e-05
1.008	7.555316257e-05
1.009333333	7.954470482e-05
1.010666667	8.148270182e-05
1.012	8.71166217e-05
1.013333333	9.221445238e-05
1.014666667	9.43174421e-05
1.016	9.887254345e-05
1.017333333	0.0001025660929
1.018666667	0.0001050243685
1.02	0.0001031451523
1.021333333	0.0001041857914
1.022666667	0.0001095434749
1.024	0.0001136210933
1.025333333	0.0001193272098
1.026666667	0.0001225396402
1.028	0.0001281726601
1.029333333	0.0001257206949
1.030666667	0.0001282135353
1.032	0.0001365160536
1.033333333	0.0001356427565
1.034666667	0.000143264557
1.036	0.0001401137062
1.037333333	0.0001464140413
1.038666667	0.0001458561281
1.04	0.0001542567901
1.041333333	0.0001581169803
1.042666667	0.0001580067606
1.044	0.0001549072237
1.045333333	0.0001616916513
1.046666667	0.0001658896946
1.048	0.0001637999597
1.049333333	0.0001676643277
1.050666667	0.0001662174718
1.052	0.0001741312744
1.053333333	0.0001751871244
1.054666667	0.0001765590016
1.056	0.0001797917169
1.057333333	0.0001830616873
1.058666667	0.0001839195354
1.06	0.0001869495832
1.061333333	0.0001917817011
1.062666667	0.0001905920271
1.064	0.0001946402708
1.065333333	0.0001997150362
1.066666667	0.0001991051095
1.068	0.0002015539605
1.069333333	0.0002015719107
1.070666667	0.0002042806702
1.072	0.0002051014337
1.073333333	0.0002079332802
1.074666667	0.0002098198041
1.076	0.0002071498858
1.077333333	0.0002119297491
1.078666667	0.0002114005336
1.08	0.0002162077963
1.081333333	0.0002155413937
1.082666667	0.0002122156225
1.084	0.0002165168805
1.085333333	0.0002181973363
1.086666667	0.0002161177851
1.088	0.0002153673134
1.089333333	0.0002212304692
1.090666667	0.0002177460495
1.092	0.0002245593321
1.093333333	0.0002210354369
1.094666667	0.0002215555925
1.096	0.0002241773768
1.097333333	0.0002215419401
1.098666667	0.0002258181223
1.1	0.0002269410664
1.101333333	0.0002288896524
1.102666667	0.0002271321744
1.104	0.000224770047
1.105333333	0.000230884453
1.106666667	0.0002299986822
1.108	0.0002251715096
1.109333333	0.0002258962269
1.110666667	0.0002260139631
1.112	0.0002271677264
1.113333333	0.0002290950255
1.114666667	0.0002296823486
1.116	0.0002319462312
1.117333333	0.0002296065602
1.118666667	0.0002342258484
1.12	0.0002354044547
1.121333333	0.0002303713629
1.122666667	0.0002307819053
1.124	0.000227133234
1.125333333	0.0002309600548
1.126666667	0.0002369086696
1.128	0.0002326271972
1.129333333	0.0002266126661
1.130666667	0.0002297001127
1.132	0.0002346890124
1.133333333	0.0002264902468
1.134666667	0.0002348988244
1.136	0.0002243943961
1.137333333	0.0002324057503
1.138666667	0.0002236155679
1.14	0.0002226799818
1.141333333	0.0002246072863
1.142666667	0.0002311522959
1.144	0.000227692931
1.145333333	0.0002287692182
1.146666667	0.0002235619935
1.148	0.0002266481665
1.149333333	0.0002213301641
1.150666667	0.0002178605137
1.152	0.000217983329
1.153333333	0.0002214779875
1.154666667	0.0002213884239
1.156	0.0002155256867
1.157333333	0.0002251512031
1.158666667	0.0002255964325
1.16	0.0002118018574
1.161333333	0.0002151968412
1.162666667	0.0002156932569
1.164	0.0002161060357
1.165333333	0.0002142105429
1.166666667	0.0002103439383
1.168	0.0002056228957
1.169333333	0.0002161052827
1.170666667	0.0002089275682
1.172	0.0002079523255
1.173333333	0.0002092299652
1.174666667	0.0002074391003
1.176	0.000205080702
1.177333333	0.0002057863034
1.178666667	0.0002125192217
1.18	0.0002041816709
1.181333333	0.0002024066193
1.182666667	0.0001975501203
1.184	0.0002000445332
1.185333333	0.0002009130646
1.186666667	0.000199190131
1.188	0.0002001789182
1.189333333	0.0002039510418
1.190666667	0.000197109205
1.192	0.000194431522
1.193333333	0.000196909901
1.194666667	0.0001920681592
1.196	0.0001902882541
1.197333333	0.0001947278885
1.198666667	0.0001903453555
1.2	0.0001968556431
1.201333333	0.0001921207789
1.202666667	0.0001866778134
1.204	0.0001948454128
1.205333333	0.0001898496562
1.206666667	0.000185501588
1.208	0.0001895893153
1.209333333	0.0001839409502
1.210666667	0.0001863953861
1.212	0.0001857940685
1.213333333	0.0001910110664
1.214666667	0.0001802077963
1.216	0.0001839585473
1.217333333	0.0001807988524
1.218666667	0.0001840679672
1.22	0.0001805215127
1.221333333	0.0001773759262
1.222666667	0.0001778106963
1.224	0.0001787152349
1.225333333	0.0001769533164
1.226666667	0.0001816143584
1.228	0.0001778199963
1.229333333	0.0001686831872
1.230666667	0.0001740792973
1.232	0.000173033425
1.233333333	0.0001740141408
1.234666667	0.000172270628
1.236	0.0001687051497
1.237333333	0.0001675919752
1.238666667	0.0001653571113
1.24	0.0001686252859
1.241333333	0.0001678638911
1.242666667	0.0001666018527
1.244	0.0001675424567
1.245333333	0.0001648184139
1.246666667	0.0001649501453
1.248	0.0001636581462
1.249333333	0.0001651743336
1.250666667	0.0001598155627
1.252	0.0001628282093
1.253333333	0.0001561808783
1.254666667	0.0001569332263
1.256	0.0001582573723
1.257333333	0.0001607624702
1.258666667	0.0001589899745
1.26	0.000156344817
1.261333333	0.0001612040005
1.262666667	0.000158067775
1.264	0.0001558118095
1.265333333	0.0001523084389
1.266666667	0.0001530198296
1.268	0.0001540705037
1.269333333	0.000150920431
1.270666667	0.0001500062852
1.272	0.0001528308446
1.273333333	0.0001505214987
1.274666667	0.0001482546528
1.276	0.0001503572725
1.277333333	0.0001459152495
1.278666667	0.0001449744995
1.28	0.0001453860452
1.281333333	0.0001440731026
1.282666667	0.0001450836302
1.284	0.0001452694254
1.285333333	0.0001455668957
1.286666667	0.0001417218008
1.288	0.0001413513577
1.289333333	0.0001412795822
1.290666667	0.0001470482209
1.292	0.000142957352
1.293333333	0.000139134779
1.294666667	0.0001401039397
1.296	0.0001403301855
1.297333333	0.0001387425794
1.298666667	0.0001421121981
1.3	0.0001391964719
1.301333333	0.0001436655392
1.302666667	0.0001364420075
1.304	0.0001353083229
1.305333333	0.0001369355278
1.306666667	0.0001378612853
1.308	0.0001345639715
1.309333333	0.0001319334104
1.310666667	0.0001352058304
1.312	0.0001352879201
1.313333333	0.0001340537981
1.314666667	0.0001379714596
1.316	0.000132322714
1.317333333	0.0001346670269
1.318666667	0.0001336205713
1.32	0.0001273022793
1.321333333	0.0001265197196
1.322666667	0.0001265736088
1.324	0.0001274976807
1.325333333	0.000127260672
1.326666667	0.0001270965183
1.328	0.0001283788088
1.329333333	0.0001236631733
1.330666667	0.0001242608077
1.332	0.0001242444929
1.333333333	0.0001256325297
1.334666667	0.0001267659865
1.336	0.0001225067395
1.337333333	0.0001226717417
1.338666667	0.0001231233321
1.34	0.0001220333789
1.341333333	0.000119943381
1.342666667	0.000119716939
1.344	0.0001224558937
1.345333333	0.0001219062279
1.346666667	0.0001200385462
1.348	0.0001239443859
1.349333333	0.0001151756697
1.350666667	0.0001217445357
1.352	0.0001175406734
1.353333333	0.0001168572003
1.354666667	0.0001172028577
1.356	0.000116060784
1.357333333	0.0001167248853
1.358666667	0.0001154441778
1.36	0.0001146602077
1.361333333	0.0001188504487
1.362666667	0.0001110533776
1.364	0.0001135846339
1.365333333	0.0001129461999
1.366666667	0.0001135034152
1.368	0.0001084443047
1.369333333	0.0001095657969
1.370666667	0.0001130669375
1.372	0.0001111023813
1.373333333	0.0001116936402
1.374666667	0.0001108518282
1.376	0.0001122097879
1.377333333	0.0001081622341
1.378666667	0.000108545108
1.38	0.0001096230401
1.381333333	0.0001103165707
1.382666667	0.0001034044719
1.384	0.0001054555429
1.385333333	0.000108334406
1.386666667	0.000104941043
1.388	0.0001111700297
1.389333333	0.0001046012996
1.390666667	0.0001030509988
1.392	0.0001097467469
1.393333333	0.0001057135956
1.394666667	0.0001054747871
1.396	0.0001045830062
1.397333333	0.0001068538787
1.398666667	0.0001033194283
1.4	0.0001039411284
1.401333333	0.0001023690022
1.402666667	0.0001040857023
1.404	0.0001061410897
1.405333333	0.00010385394
1.406666667	9.976223383e-05
1.408	0.0001026001236
1.409333333	0.0001054326411
1.410666667	0.0001009766839
1.412	0.0001014253056
1.413333333	0.0001004803508
1.414666667	9.923174516e-05
1.416	9.879921245e-05
1.417333333	9.90788291e-05
1.418666667	0.00010071157
1.42	0.000100414104
1.421333333	9.984697445e-05
1.422666667	9.93146545e-05
1.424	9.965990752e-05
1.425333333	9.68383222e-05
1.426666667	9.668047398e-05
1.428	9.685912032e-05
1.429333333	9.821303382e-05
1.430666667	9.607446638e-05
1.432	9.514681962e-05
1.433333333	9.79388234e-05
1.434666667	9.530452124e-05
1.436	9.494852876e-05
1.437333333	9.569544829e-05
1.438666667	9.367122439e-05
1.44	9.518475573e-05
1.441333333	9.599600044e-05
1.442666667	9.484234206e-05
1.444	9.492096426e-05
1.445333333	9.290679629e-05
1.446666667	9.122820237e-05
1.448	9.412814467e-05
1.449333333	9.25177663e-05
1.450666667	9.226722043e-05
1.452	9.072763859e-05
1.453333333	9.229604705e-05
1.454666667	9.066025229e-05
1.456	9.070908458e-05
1.457333333	9.115314287e-05
1.458666667	8.935831696e-05
1.46	9.092081155e-05
1.461333333	8.958941275e-05
1.462666667	9.118166939e-05
1.464	9.126255249e-05
1.465333333	8.921369229e-05
1.466666667	9.060554685e-05
1.468	9.085025033e-05
1.469333333	8.903606112e-05
1.470666667	8.996727137e-05
1.472	8.933129474e-05
1.473333333	9.156395294e-05
1.474666667	8.89743489e-05
1.476	8.632437329e-05
1.477333333	8.99835566e-05
1.478666667	8.785693102e-05
1.48	8.862113793e-05
1.481333333	8.730979375e-05
1.482666667	8.794359853e-05
1.484	8.640876583e-05
1.485333333	8.584633982e-05
1.486666667	8.570472772e-05
1.488	8.475677667e-05
1.489333333	8.890362475e-05
1.490666667	8.602214942e-05
1.492	8.758627698e-05
1.493333333	8.403600904e-05
1.494666667	8.659482937e-05
1.496	8.654970707e-05
1.497333333	8.400378901e-05
1.498666667	8.745275673e-05
1.5	8.177402572e-05
1.501333333	8.707351486e-05
1.502666667	8.396109591e-05
1.504	8.653601676e-05
1.505333333	8.518365262e-05
1.506666667	8.529941834e-05
1.508	8.445991054e-05
1.509333333	8.333561923e-05
1.510666667	8.551837125e-05
1.512	8.490315174e-05
1.513333333	8.38448895e-05
1.514666667	8.358087724e-05
1.516	8.36973402e-05
1.517333333	8.428819408e-05
1.518666667	8.484639809e-05
1.52	8.480352295e-05
1.521333333	8.425581921e-05
1.522666667	8.036701785e-05
1.524	8.33207943e-05
1.525333333	8.560845689e-05
1.526666667	8.242048347e-05
1.528	8.150022581e-05
1.529333333	8.403462104e-05
1.530666667	8.057407786e-05
1.532	8.141268555e-05
1.533333333	7.990162801e-05
1.534666667	8.070808018e-05
1.536	8.276333305e-05
1.537333333	8.113012525e-05
1.538666667	8.318144874e-05
1.54	8.07401888e-05
1.541333333	7.814742013e-05
1.542666667	8.056944038e-05
1.544	7.673757829e-05
1.545333333	7.723053085e-05
1.546666667	7.961603592e-05
1.548	7.793477351e-05
1.549333333	8.059443812e-05
1.550666667	8.037031313e-05
1.552	7.726983417e-05
1.553333333	8.11594626e-05
1.554666667	7.948408855e-05
1.556	7.697855254e-05
1.557333333	7.527880289e-05
1.558666667	7.909521966e-05
1.56	7.782740267e-05
1.561333333	8.022072726e-05
1.562666667	7.640423402e-05
1.564	7.968485203e-05
1.565333333	7.691806884e-05
1.566666667	7.651550608e-05
1.568	7.703213541e-05
1.569333333	7.65077965e-05
1.570666667	7.671790585e-05
1.572	8.043963987e-05
1.573333333	7.310932973e-05
1.574666667	7.728512364e-05
1.576	7.478279697e-05
1.577333333	7.81283501e-05
1.578666667	7.380494278e-05
1.58	7.799643224e-05
1.581333333	7.522872088e-05
1.582666667	7.54383145e-05
1.584	7.546571004e-05
1.585333333	7.452403505e-05
1.586666667	7.37049696e-05
1.588	7.657547931e-05
1.589333333	7.442701316e-05
1.590666667	7.430423969e-05
1.592	7.490539559e-05
1.593333333	7.128735808e-05
1.594666667	7.420809398e-05
1.596	7.381519804e-05
1.597333333	7.624807416e-05
1.598666667	7.555383828e-05
1.6	7.420066506e-05
1.601333333	7.31795187e-05
1.602666667	7.230984397e-05
1.604	7.168105135e-05
1.605333333	7.410357175e-05
1.606666667	7.281697925e-05
1.608	7.251773548e-05
1.609333333	7.484404804e-05
1.610666667	7.516953723e-05
1.612	7.099757744e-05
1.613333333	7.361693916e-05
1.614666667	7.212900422e-05
1.616	7.319833775e-05
1.617333333	7.144605882e-05
1.618666667	7.011188206e-05
1.62	7.230631703e-05
1.621333333	7.23356582e-05
1.622666667	7.269038633e-05
1.624	7.180298162e-05
1.625333333	7.221663758e-05
1.626666667	7.121302776e-05
1.628	7.136109674e-05
1.629333333	7.436692309e-05
1.630666667	7.345233664e-05
1.632	7.242158221e-05
1.633333333	7.159825344e-05
1.634666667	7.027701665e-05
1.636	7.086528145e-05
1.637333333	7.192170613e-05
1.638666667	7.432402833e-05
1.64	7.443921093e-05
1.641333333	7.274080468e-05
1.642666667	7.206801991e-05
1.644	7.037429358e-05
1.645333333	6.929603631e-05
1.646666667	7.259257244e-05
1.648	7.093166424e-05
1.649333333	7.099072532e-05
1.650666667	7.151501844e-05
1.652	7.192222695e-05
1.653333333	7.012203929e-05
1.654666667	6.954328464e-05
1.656	6.893647306e-05
1.657333333	7.253069867e-05
1.658666667	6.873877023e-05
1.66	7.119952257e-05
1.661333333	6.984202975e-05
1.662666667	7.102753749e-05
1.664	7.174954722e-05
1.665333333	7.010660845e-05
1.666666667	7.198034592e-05
1.668	6.987936022e-05
1.669333333	6.953594744e-05
1.670666667	7.011259244e-05
1.672	7.200905767e-05
1.673333333	7.301314483e-05
1.674666667	7.120636371e-05
1.676	6.788436922e-05
1.677333333	7.126483553e-05
1.678666667	7.046466919e-05
1.68	6.900854919e-05
1.681333333	6.832565165e-05
1.682666667	6.832854875e-05
1.684	6.961425931e-05
1.685333333	6.964461646e-05
1.686666667	7.192342197e-05
1.688	7.0529932e-05
1.689333333	6.947964697e-05
1.690666667	6.868657073e-05
1.692	6.815009496e-05
1.693333333	7.098810012e-05
1.694666667	6.86376931e-05
1.696	6.818743741e-05
1.697333333	6.997224983e-05
1.698666667	6.822165491e-05
1.7	6.915647986e-05
1.701333333	6.972302422e-05
1.702666667	7.144465201e-05
1.704	7.029000512e-05
1.705333333	7.076988254e-05
1.706666667	7.05458021e-05
1.708	6.841084029e-05
1.709333333	7.299138473e-05
1.710666667	7.102622048e-05
1.712	6.830702091e-05
1.713333333	6.948667104e-05
1.714666667	6.780878951e-05
1.716	6.965839928e-05
1.717333333	6.784322313e-05
1.718666667	6.820954783e-05
1.72	6.782172958e-05
1.721333333	6.907993679e-05
1.722666667	7.147874073e-05
1.724	7.04488492e-05
1.725333333	6.936490235e-05
1.726666667	6.755976848e-05
1.728	6.839660813e-05
1.729333333	6.767762567e-05
1.730666667	6.804153701e-05
1.732	6.915323954e-05
1.733333333	6.669052443e-05
1.734666667	6.763551151e-05
1.736	6.929802032e-05
1.737333333	6.894086875e-05
1.738666667	6.886036929e-05
1.74	6.767642336e-05
1.741333333	6.643915499e-05
1.742666667	6.856451627e-05
1.744	6.680546828e-05
1.745333333	6.77720949e-05
1.746666667	6.618124207e-05
1.748	6.824538711e-05
1.749333333	6.874219083e-05
1.750666667	6.715423511e-05
1.752	6.855531995e-05
1.753333333	6.63401971e-05
1.754666667	6.691901411e-05
1.756	6.842643595e-05
1.757333333	6.610718677e-05
1.758666667	6.687593762e-05
1.76	6.657977431e-05
1.761333333	6.761955253e-05
1.762666667	6.893010047e-05
1.764	6.542183425e-05
1.765333333	6.75206645e-05
1.766666667	6.77685854e-05
1.768	6.77174586e-05
1.769333333	6.606563978e-05
1.770666667	6.734432364e-05
1.772	6.696854164e-05
1.773333333	6.637676127e-05
1.774666667	6.751707758e-05
1.776	6.652032719e-05
1.777333333	6.630834868e-05
1.778666667	6.709529058e-05
1.78	6.895981436e-05
1.781333333	6.642888533e-05
1.782666667	6.530203474e-05
1.784	6.786333922e-05
1.785333333	6.62262204e-05
1.786666667	6.81650383e-05
1.788	6.67180752e-05
1.789333333	6.961945497e-05
1.790666667	6.903143045e-05
1.792	6.796209066e-05
1.793333333	6.828630065e-05
1.794666667	6.95194794e-05
1.796	6.674152387e-05
1.797333333	6.63714878e-05
1.798666667	6.594862246e-05
1.8	6.605976912e-05
1.801333333	6.824941352e-05
1.802666667	6.487018967e-05
1.804	6.769611831e-05
1.805333333	6.573159037e-05
1.806666667	6.57362037e-05
1.808	6.661700034e-05
1.809333333	6.770875149e-05
1.810666667	6.543185773e-05
1.812	6.88807138e-05
1.813333333	6.782406997e-05
1.814666667	6.592246308e-05
1.816	6.584760988e-05
1.817333333	6.532381485e-05
1.818666667	6.733474971e-05
1.82	6.475329763e-05
1.821333333	6.446866574e-05
1.822666667	6.576469951e-05
1.824	6.755888409e-05
1.825333333	6.403804981e-05
1.826666667	6.71185847e-05
1.828	6.748978075e-05
1.829333333	6.510508138e-05
1.830666667	6.639498575e-05
1.832	6.55343448e-05
1.833333333	6.608890255e-05
1.834666667	6.852654525e-05
1.836	6.94703157e-05
1.837333333	6.484762925e-05
1.838666667	6.649762099e-05
1.84	6.731036335e-05
1.841333333	6.460242564e-05
1.842666667	6.828103028e-05
1.844	6.830973877e-05
1.845333333	6.682960198e-05
1.846666667	6.847101162e-05
1.848	6.520052987e-05
1.849333333	6.489392889e-05
1.850666667	6.733728938e-05
1.852	6.664078839e-05
1.853333333	6.698135105e-05
1.854666667	6.535432343e-05
1.856	6.714372189e-05
1.857333333	6.598413757e-05
1.858666667	6.575599595e-05
1.86	6.581207677e-05
1.861333333	6.604860835e-05
1.862666667	6.844962362e-05
1.864	6.531025305e-05
1.865333333	6.809438517e-05
1.866666667	6.699135446e-05
1.868	6.578710659e-05
1.869333333	6.830814133e-05
1.870666667	6.612953706e-05
1.872	6.815951531e-05
1.873333333	6.734223891e-05
1.874666667	6.667976549e-05
1.876	6.747677647e-05
1.877333333	6.80169521e-05
1.878666667	6.679326384e-05
1.88	6.610752593e-05
1.881333333	6.817847725e-05
1.882666667	6.74927296e-05
1.884	6.762330552e-05
1.885333333	6.505475198e-05
1.886666667	6.997029031e-05
1.888	6.468315084e-05
1.889333333	6.722908412e-05
1.890666667	6.527741424e-05
1.892	6.746413106e-05
1.893333333	6.794904089e-05
1.894666667	6.625434868e-05
1.896	6.623305837e-05
1.897333333	6.742622913e-05
1.898666667	6.770754e-05
1.9	6.452713355e-05
1.901333333	6.910214198e-05
1.902666667	6.615228427e-05
1.904	6.630763915e-05
1.905333333	6.686588662e-05
1.906666667	6.747370657e-05
1.908	6.712462878e-05
1.909333333	6.896335622e-05
1.910666667	6.66791756e-05
1.912	6.670798016e-05
1.913333333	6.600916352e-05
1.914666667	6.608853774e-05
1.916	6.556650375e-05
1.917333333	6.937653515e-05
1.918666667	6.872784507e-05
1.92	6.522984457e-05
1.921333333	6.700843033e-05
1.922666667	6.753618998e-05
1.924	6.776381959e-05
1.925333333	6.774180806e-05
1.926666667	6.771982701e-05
1.928	6.94158438e-05
1.929333333	6.737738568e-05
1.930666667	6.752974768e-05
1.932	6.76570528e-05
1.933333333	6.594680882e-05
1.934666667	6.833294473e-05
1.936	6.92280833e-05
1.937333333	6.697517213e-05
1.938666667	7.012326786e-05
1.94	7.000082455e-05
1.941333333	6.940873618e-05
1.942666667	6.879275079e-05
1.944	7.188157358e-05
1.945333333	7.14374705e-05
1.946666667	6.956373959e-05
1.948	6.835791838e-05
1.949333333	6.754775534e-05
1.950666667	6.796913348e-05
1.952	6.912769129e-05
1.953333333	6.669670838e-05
1.954666667	6.866497687e-05
1.956	6.535412929e-05
1.957333333	6.84732967e-05
1.958666667	7.119608611e-05
1.96	6.967815044e-05
1.961333333	6.806438015e-05
1.962666667	6.779800167e-05
1.964	7.12959827e-05
1.965333333	6.990422465e-05
1.966666667	6.883166345e-05
1.968	7.066318609e-05
1.969333333	7.020094692e-05
1.970666667	7.064061021e-05
1.972	7.142047174e-05
1.973333333	7.132354655e-05
1.974666667	7.030299237e-05
1.976	7.10086234e-05
1.977333333	7.018387186e-05
1.978666667	7.059750814e-05
1.98	7.20773218e-05
1.981333333	7.246489891e-05
1.982666667	7.004343786e-05
1.984	7.166580996e-05
1.985333333	7.031200737e-05
1.986666667	7.144876902e-05
1.988	7.016936775e-05
1.989333333	7.130470071e-05
1.990666667	7.173920574e-05
1.992	7.159477996e-05
1.993333333	7.289545236e-05
1.994666667	7.219693673e-05
1.996	7.140315638e-05
1.997333333	7.258118354e-05
1.998666667	7.219650312e-05
2	7.202834882e-05
2.001333333	7.11168696e-05
2.002666667	7.349042311e-05
2.004	7.157313598e-05
2.005333333	7.442198054e-05
2.006666667	7.439643597e-05
2.008	7.04503751e-05
2.009333333	7.276871347e-05
2.010666667	7.114475319e-05
2.012	7.22905032e-05
2.013333333	7.422153589e-05
2.014666667	7.164677266e-05
2.016	7.421857038e-05
2.017333333	7.307492309e-05
2.018666667	7.174255159e-05
2.02	7.278831283e-05
2.021333333	7.198034592e-05
2.022666667	7.20515431e-05
2.024	7.226494696e-05
2.025333333	7.214625387e-05
2.026666667	7.096186785e-05
2.028	7.16489665e-05
2.029333333	7.079762581e-05
2.030666667	7.33041224e-05
2.032	7.186222918e-05
2.033333333	7.375093495e-05
2.034666667	7.193316117e-05
2.036	7.299415361e-05
2.037333333	7.16269236e-05
2.038666667	7.301637315e-05
2.04	7.365102411e-05
2.041333333	7.230956018e-05
2.042666667	7.228584527e-05
2.044	7.583182284e-05
2.045333333	7.404564441e-05
2.046666667	7.294196019e-05
2.048	7.059746074e-05
2.049333333	7.319836675e-05
2.050666667	7.373596412e-05
2.052	7.359446483e-05
2.053333333	7.399083951e-05
2.054666667	7.613889885e-05
2.056	7.223716844e-05
2.057333333	7.398692931e-05
2.058666667	7.361255332e-05
2.06	7.768937304e-05
2.061333333	7.682405733e-05
2.062666667	7.663474915e-05
2.064	7.411998787e-05
2.065333333	7.504828447e-05
2.066666667	7.692768819e-05
2.068	7.476578337e-05
2.069333333	7.854510193e-05
2.070666667	7.508674411e-05
2.072	7.805014014e-05
2.073333333	7.524481321e-05
2.074666667	7.83431216e-05
2.076	7.473192356e-05
2.077333333	7.493812579e-05
2.078666667	7.470529967e-05
2.08	7.675749617e-05
2.081333333	7.86686831e-05
2.082666667	7.59677298e-05
2.084	7.755450391e-05
2.085333333	7.692942631e-05
2.086666667	7.635115632e-05
2.088	7.993473739e-05
2.089333333	7.855116588e-05
2.090666667	7.905209921e-05
2.092	7.90705362e-05
2.093333333	7.872205402e-05
2.094666667	8.013857679e-05
2.096	7.695003573e-05
2.097333333	7.898383904e-05
2.098666667	8.101505728e-05
2.1	8.068930489e-05
2.101333333	7.787400802e-05
2.102666667	8.038147732e-05
2.104	8.023926359e-05
2.105333333	8.116884114e-05
2.106666667	7.840594186e-05
2.108	8.017804429e-05
2.109333333	7.894398356e-05
2.110666667	7.807536416e-05
2.112	7.902610129e-05
2.113333333	8.099776383e-05
2.114666667	8.012949262e-05
2.116	7.824147907e-05
2.117333333	8.075401329e-05
2.118666667	8.000081884e-05
2.12	8.004105783e-05
2.121333333	7.829361738e-05
2.122666667	8.152345179e-05
2.124	7.853428637e-05
2.125333333	7.972721089e-05
2.126666667	8.010606701e-05
2.128	8.037166171e-05
2.129333333	8.050166467e-05
2.130666667	8.211842282e-05
2.132	8.010824861e-05
2.133333333	8.379331298e-05
2.134666667	8.137984127e-05
2.136	7.937389379e-05
2.137333333	8.219908458e-05
2.138666667	8.091336048e-05
2.14	8.023486986e-05
2.141333333	7.866055243e-05
2.142666667	8.273371226e-05
2.144	8.348824571e-05
2.145333333	8.128834216e-05
2.146666667	8.226644693e-05
2.148	8.145556066e-05
2.149333333	8.057868076e-05
2.150666667	8.17116423e-05
2.152	7.994346445e-05
2.153333333	8.198938133e-05
2.154666667	8.421098966e-05
2.156	8.386945967e-05
2.157333333	8.3394849e-05
2.158666667	8.320990252e-05
2.16	8.044731468e-05
2.161333333	8.148592694e-05
2.162666667	7.983758998e-05
2.164	8.302694447e-05
2.165333333	8.707693218e-05
2.166666667	8.412107525e-05
2.168	8.249731434e-05
2.169333333	8.494698678e-05
2.170666667	8.312568981e-05
2.172	8.599187166e-05
2.173333333	8.214019837e-05
2.174666667	8.215604033e-05
2.176	8.550285651e-05
2.177333333	8.381907357e-05
2.178666667	8.36355657e-05
2.18	8.466333132e-05
2.181333333	8.337925121e-05
2.182666667	8.392208984e-05
2.184	8.332137142e-05
2.185333333	8.379768682e-05
2.186666667	8.433927693e-05
2.188	8.259859872e-05
2.189333333	8.79637977e-05
2.190666667	8.414140893e-05
2.192	8.684942255e-05
2.193333333	8.526464814e-05
2.194666667	8.567214068e-05
2.196	8.485505705e-05
2.197333333	8.556813808e-05
2.198666667	8.350768067e-05
2.2	8.821356125e-05
2.201333333	8.379899103e-05
2.202666667	8.610183068e-05
2.204	8.422027162e-05
2.205333333	8.279807557e-05
2.206666667	8.740315199e-05
2.208	8.482854419e-05
2.209333333	8.768870394e-05
2.210666667	8.624613394e-05
2.212	8.680174365e-05
2.213333333	8.525300989e-05
2.214666667	8.661049754e-05
2.216	8.48471306e-05
2.217333333	8.899585025e-05
2.218666667	8.517782444e-05
2.22	8.638073955e-05
2.221333333	8.356289333e-05
2.222666667	8.66874013e-05
2.224	8.639799842e-05
2.225333333	8.472843836e-05
2.226666667	8.489326213e-05
2.228	8.415301741e-05
2.229333333	8.731088924e-05
2.230666667	8.545110722e-05
2.232	8.742160328e-05
2.233333333	8.296331301e-05
2.234666667	8.493294174e-05
2.236	8.57839136e-05
2.237333333	8.57971396e-05
2.238666667	8.263695359e-05
2.24	8.434493646e-05
2.241333333	8.386641911e-05
2.242666667	8.540041042e-05
2.244	8.549938861e-05
2.245333333	8.495690368e-05
2.246666667	8.479964173e-05
2.248	8.470662482e-05
2.249333333	8.501918119e-05
2.250666667	8.366782135e-05
2.252	8.30001383e-05
2.253333333	8.331314972e-05
2.254666667	8.326386658e-05
2.256	8.510830142e-05
2.257333333	8.656779564e-05
2.258666667	8.322262611e-05
2.26	8.561604439e-05
2.261333333	8.471647319e-05
2.262666667	8.704254622e-05
2.264	8.523151417e-05
2.265333333	8.56686896e-05
2.266666667	8.722772723e-05
2.268	8.622403096e-05
2.269333333	8.577146715e-05
2.270666667	8.523487658e-05
2.272	8.778348615e-05
2.273333333	8.50504058e-05
2.274666667	8.432526013e-05
2.276	8.469764701e-05
2.277333333	8.51749862e-05
2.278666667	8.689462304e-05
2.28	8.661220916e-05
2.281333333	8.71717548e-05
2.282666667	8.55226605e-05
2.284	8.555678489e-05
2.285333333	8.510777989e-05
2.286666667	8.688441288e-05
2.288	8.622536338e-05
2.289333333	8.527354118e-05
2.290666667	8.4658107e-05
2.292	8.404338906e-05
2.293333333	8.50410426e-05
2.294666667	8.561916765e-05
2.296	8.504677526e-05
2.297333333	8.579137892e-05
2.298666667	8.651423649e-05
2.3	8.414750791e-05
2.301333333	8.305584975e-05
2.302666667	8.675997676e-05
2.304	8.585557324e-05
2.305333333	8.603494051e-05
2.306666667	8.769158072e-05
2.308	8.660102873e-05
2.309333333	8.557409303e-05
2.310666667	8.772669577e-05
2.312	8.526774754e-05
2.313333333	8.536383486e-05
2.314666667	8.566718785e-05
2.316	8.366963907e-05
2.317333333	8.405647302e-05
2.318666667	8.574707875e-05
2.32	8.329775013e-05
2.321333333	8.540041042e-05
2.322666667	8.553736772e-05
2.324	8.338153701e-05
2.325333333	8.446904948e-05
2.326666667	8.398738557e-05
2.328	8.470216587e-05
2.329333333	8.50039871e-05
2.330666667	8.582034377e-05
2.332	8.564776076e-05
2.333333333	8.345934936e-05
2.334666667	8.400791015e-05
2.336	8.334350073e-05
2.337333333	8.524690897e-05
2.338666667	8.427467932e-05
2.34	8.383689763e-05
2.341333333	8.647482173e-05
2.342666667	8.501180052e-05
2.344	8.37961808e-05
2.345333333	8.604076607e-05
2.346666667	8.568504378e-05
2.348	8.477776045e-05
2.349333333	8.446402215e-05
2.350666667	8.547793703e-05
2.352	8.320495331e-05
2.353333333	8.303541747e-05
2.354666667	8.53326899e-05
2.356	8.589559536e-05
2.357333333	8.562301403e-05
2.358666667	8.476057132e-05
2.36	8.430588693e-05
2.361333333	8.368909465e-05
2.362666667	8.648612266e-05
2.364	8.32494833e-05
2.365333333	8.594213842e-05
2.366666667	8.579229734e-05
2.368	8.418315309e-05
2.369333333	8.490560928e-05
2.370666667	8.455412787e-05
2.372	8.495178302e-05
2.373333333	8.470179509e-05
2.374666667	8.093493543e-05
2.376	8.44248851e-05
2.377333333	8.171233098e-05
2.378666667	8.303872259e-05
2.38	8.406110446e-05
2.381333333	8.425590758e-05
2.382666667	8.51152985e-05
2.384	8.54703688e-05
2.385333333	8.465790196e-05
2.386666667	8.320276365e-05
2.388	8.345780404e-05
2.389333333	8.244692707e-05
2.390666667	8.553313072e-05
2.392	8.325800258e-05
2.393333333	8.232915019e-05
2.394666667	8.298485996e-05
2.396	8.265819852e-05
2.397333333	8.295259337e-05
2.398666667	8.474750208e-05
2.4	8.380040273e-05
2.401333333	8.53929569e-05
2.402666667	8.486608645e-05
2.404	8.537807467e-05
2.405333333	8.517108855e-05
2.406666667	8.398704258e-05
2.408	8.280430822e-05
2.409333333	8.353545266e-05
2.410666667	8.245383471e-05
2.412	8.185102648e-05
2.413333333	8.389419705e-05
2.414666667	8.225757289e-05
2.416	8.473535064e-05
2.417333333	8.373548104e-05
2.418666667	7.999800784e-05
2.42	8.132251813e-05
2.421333333	8.147596303e-05
2.422666667	8.295670476e-05
2.424	8.21981887e-05
2.425333333	8.391439833e-05
2.426666667	8.080233941e-05
2.428	8.208250378e-05
2.429333333	8.274874794e-05
2.430666667	8.410543026e-05
2.432	8.283562156e-05
2.433333333	8.383570024e-05
2.434666667	8.487411372e-05
2.436	8.161582065e-05
2.437333333	8.233921376e-05
2.438666667	8.205798801e-05
2.44	8.219018455e-05
2.441333333	8.291207833e-05
2.442666667	8.465501781e-05
2.444	8.22716696e-05
2.445333333	8.356158511e-05
2.446666667	8.23193054e-05
2.448	8.154896723e-05
2.449333333	8.121060537e-05
2.450666667	8.326216341e-05
2.452	8.024134837e-05
2.453333333	8.064772653e-05
2.454666667	8.324377414e-05
2.456	8.073603286e-05
2.457333333	8.157121427e-05
2.458666667	8.281546716e-05
2.46	8.05461827e-05
2.461333333	7.970297312e-05
2.462666667	8.100468932e-05
2.464	8.160369934e-05
2.465333333	8.268880961e-05
2.466666667	8.093167307e-05
2.468	8.343574278e-05
2.469333333	8.006671479e-05
2.470666667	7.963493602e-05
2.472	8.15725474e-05
2.473333333	7.980134334e-05
2.474666667	8.216349915e-05
2.476	8.097546591e-05
2.477333333	8.040873098e-05
2.478666667	8.055911731e-05
2.48	8.169643456e-05
2.481333333	8.196203324e-05
2.482666667	8.170532954e-05
2.484	8.034745728e-05
2.485333333	8.072923154e-05
2.486666667	8.09368706e-05
2.488	8.336292542e-05
2.489333333	8.177568901e-05
2.490666667	8.092248261e-05
2.492	8.078286615e-05
2.493333333	8.29150441e-05
2.494666667	8.029243078e-05
2.496	8.001876019e-05
2.497333333	7.847683642e-05
2.498666667	8.066332334e-05
2.5	8.123468755e-05
2.501333333	7.812103126e-05
2.502666667	8.243312731e-05
2.504	7.844036632e-05
2.505333333	8.090843781e-05
2.506666667	7.663350476e-05
2.508	7.894680323e-05
2.509333333	8.121938581e-05
2.510666667	8.161596195e-05
2.512	7.798030043e-05
2.513333333	7.990601415e-05
2.514666667	7.97681956e-05
2.516	8.039363311e-05
2.517333333	7.859681746e-05
2.518666667	7.781195457e-05
2.52	7.857076659e-05
2.521333333	7.803423379e-05
2.522666667	8.014306557e-05
2.524	7.928297547e-05
2.525333333	7.931713323e-05
2.526666667	8.248579097e-05
2.528	7.801826468e-05
2.529333333	7.981791061e-05
2.530666667	8.303819617e-05
2.532	7.933572497e-05
2.533333333	7.910448651e-05
2.534666667	7.927117286e-05
2.536	8.010013777e-05
2.537333333	7.903650073e-05
2.538666667	8.039412421e-05
2.54	7.9728296e-05
2.541333333	7.838321585e-05
2.542666667	7.911608439e-05
2.544	7.924441753e-05
2.545333333	7.816571492e-05
2.546666667	7.818132362e-05
2.548	7.864903016e-05
2.549333333	7.870202615e-05
2.550666667	7.771995521e-05
2.552	7.986113112e-05
2.553333333	7.865389589e-05
2.554666667	7.739155439e-05
2.556	7.951077084e-05
2.557333333	7.997607666e-05
2.558666667	7.811471473e-05
2.56	7.771777386e-05
2.561333333	7.788344641e-05
2.562666667	8.031530662e-05
2.564	7.883205115e-05
2.565333333	7.836071971e-05
2.566666667	7.695482553e-05
2.568	7.833540113e-05
2.569333333	7.930354748e-05
2.570666667	7.870224593e-05
2.572	7.67018983e-05
2.573333333	7.87512362e-05
2.574666667	7.923244501e-05
2.576	7.945228968e-05
2.577333333	7.743707073e-05
2.578666667	7.637325041e-05
2.58	7.73756161e-05
2.581333333	8.008766466e-05
2.582666667	7.842939835e-05
2.584	7.877900569e-05
2.585333333	7.684463549e-05
2.586666667	7.89204463e-05
2.588	7.802662079e-05
2.589333333	7.835717801e-05
2.590666667	7.62973139e-05
2.592	7.453586116e-05
2.593333333	7.68111174e-05
2.594666667	7.529170083e-05
2.596	7.693558166e-05
2.597333333	7.630471074e-05
2.598666667	7.957180658e-05
2.6	7.711256859e-05
2.601333333	7.698077498e-05
2.602666667	7.681223182e-05
2.604	7.695722003e-05
2.605333333	7.658620374e-05
2.606666667	7.746771944e-05
2.608	7.591892788e-05
2.609333333	7.71309968e-05
2.610666667	7.666872095e-05
2.612	7.644581033e-05
2.613333333	7.596598896e-05
2.614666667	7.458713223e-05
2.616	7.776005762e-05
2.617333333	7.614328568e-05
2.618666667	7.648942795e-05
2.62	7.580928263e-05
2.621333333	7.646652877e-05
2.622666667	7.875195233e-05
2.624	7.869363359e-05
2.625333333	7.538099219e-05
2.626666667	7.768175946e-05
2.628	7.669258374e-05
2.629333333	7.732912638e-05
2.630666667	7.59397211e-05
2.632	7.533590297e-05
2.633333333	7.56440708e-05
2.634666667	7.589727186e-05
2.636	7.627768001e-05
2.637333333	7.565671252e-05
2.638666667	7.678267378e-05
2.64	7.639843738e-05
2.641333333	7.396112293e-05
2.642666667	7.325176258e-05
2.644	7.706344728e-05
2.645333333	7.613550076e-05
2.646666667	7.537171017e-05
2.648	7.270540607e-05
2.649333333	7.361091002e-05
2.650666667	7.24330525e-05
2.652	7.630604436e-05
2.653333333	7.274012841e-05
2.654666667	7.32460139e-05
2.656	7.414897297e-05
2.657333333	7.467170641e-05
2.658666667	7.508559285e-05
2.66	7.611258438e-05
2.661333333	7.490212393e-05
2.662666667	7.477447405e-05
2.664	7.398030047e-05
2.665333333	7.388925677e-05
2.666666667	7.680423507e-05
2.668	7.583033193e-05
2.669333333	7.733886281e-05
2.670666667	7.588040462e-05
2.672	7.489045724e-05
2.673333333	7.584060394e-05
2.674666667	7.512084967e-05
2.676	7.433006566e-05
2.677333333	7.542249447e-05
2.678666667	7.597626754e-05
2.68	7.522205844e-05
2.681333333	7.509513831e-05
2.682666667	7.160460959e-05
2.684	7.636175829e-05
2.685333333	7.433977122e-05
2.686666667	7.612515611e-05
2.688	7.487313085e-05
2.689333333	7.353310816e-05
2.690666667	7.462051722e-05
2.692	7.426260609e-05
2.693333333	7.388722808e-05
2.694666667	7.418909695e-05
2.696	7.174889787e-05
2.697333333	7.37954251e-05
2.698666667	7.46126887e-05
2.7	7.473582965e-05
2.701333333	7.33840604e-05
2.702666667	7.453775274e-05
2.704	7.393295703e-05
2.705333333	7.357714926e-05
2.706666667	7.425023611e-05
2.708	7.30792825e-05
2.709333333	7.339763061e-05
2.710666667	7.249385885e-05
2.712	7.369711346e-05
2.713333333	7.366088976e-05
2.714666667	7.500383872e-05
2.716	7.489631869e-05
2.717333333	7.358775978e-05
2.718666667	7.212158771e-05
2.72	7.312737277e-05
2.721333333	7.386760322e-05
2.722666667	7.365512742e-05
2.724	7.282613701e-05
2.725333333	7.272005097e-05
2.726666667	7.511375301e-05
2.728	7.49010835e-05
2.729333333	7.526896666e-05
2.730666667	7.117177549e-05
2.732	7.335073084e-05
2.733333333	7.352566684e-05
2.734666667	7.426209305e-05
2.736	7.078739844e-05
2.737333333	7.241871588e-05
2.738666667	7.283913262e-05
2.74	7.343431738e-05
2.741333333	7.247060369e-05
2.742666667	7.285538052e-05
2.744	7.474411133e-05
2.745333333	7.371123109e-05
2.746666667	7.385019225e-05
2.748	7.318554948e-05
2.749333333	7.192797119e-05
2.750666667	7.440586546e-05
2.752	7.330588658e-05
2.753333333	7.259049659e-05
2.754666667	7.417582489e-05
2.756	7.370453035e-05
2.757333333	7.24503506e-05
2.758666667	7.424223738e-05
2.76	7.297161911e-05
2.761333333	7.397931713e-05
2.762666667	7.476018067e-05
2.764	7.231029202e-05
2.765333333	7.26919915e-05
2.766666667	7.184155519e-05
2.768	7.32462012e-05
2.769333333	7.229232431e-05
2.770666667	7.15126036e-05
2.772	7.312316595e-05
2.773333333	7.090730398e-05
2.774666667	7.435028281e-05
2.776	7.203221742e-05
2.777333333	7.248152961e-05
2.778666667	7.16348679e-05
2.78	7.284362664e-05
2.781333333	7.337819009e-05
2.782666667	7.287729728e-05
2.784	7.258377397e-05
2.785333333	7.382422838e-05
2.786666667	7.189422443e-05
2.788	7.316825405e-05
2.789333333	7.552515856e-05
2.790666667	7.254793288e-05
2.792	7.153336981e-05
2.793333333	7.230682637e-05
2.794666667	7.251277034e-05
2.796	7.476136573e-05
2.797333333	7.246078685e-05
2.798666667	7.30093716e-05
2.8	7.323173084e-05
2.801333333	7.234016198e-05
2.802666667	7.216873132e-05
2.804	7.225423071e-05
2.805333333	7.502586567e-05
2.806666667	7.25104934e-05
2.808	7.319397797e-05
2.809333333	7.322757243e-05
2.810666667	7.29879e-05
2.812	7.344828753e-05
2.813333333	7.288457876e-05
2.814666667	7.426543627e-05
2.816	7.388936765e-05
2.817333333	7.24744122e-05
2.818666667	7.274663775e-05
2.82	7.494193973e-05
2.821333333	7.262682504e-05
2.822666667	7.184430936e-05
2.824	7.35100345e-05
2.825333333	7.075717271e-05
2.826666667	7.28123905e-05
2.828	7.301566804e-05
2.829333333	7.140355315e-05
2.830666667	7.342164849e-05
2.832	7.337012421e-05
2.833333333	7.318312412e-05
2.834666667	7.281004175e-05
2.836	7.294504842e-05
2.837333333	7.358742768e-05
2.838666667	7.504082105e-05
2.84	7.247046803e-05
2.841333333	7.13890969e-05
2.842666667	7.253754776e-05
2.844	7.233476263e-05
2.845333333	7.351543181e-05
2.846666667	7.457696651e-05
2.848	7.531729476e-05
2.849333333	7.385018407e-05
2.850666667	7.401768437e-05
2.852	7.307427215e-05
2.853333333	7.179530647e-05
2.854666667	7.438473496e-05
2.856	7.129129755e-05
2.857333333	7.310582625e-05
2.858666667	7.278628402e-05
2.86	7.384320869e-05
2.861333333	7.201389537e-05
2.862666667	7.352290167e-05
2.864	7.424282478e-05
2.865333333	7.201384853e-05
2.866666667	7.209755049e-05
2.868	7.094273108e-05
2.869333333	7.114394869e-05
2.870666667	7.119449778e-05
2.872	7.256528024e-05
2.873333333	7.298262505e-05
2.874666667	7.191355832e-05
2.876	7.181345433e-05
2.877333333	7.117963756e-05
2.878666667	7.321419943e-05
2.88	7.29969704e-05
2.881333333	7.119740766e-05
2.882666667	7.412826742e-05
2.884	7.219670303e-05
2.885333333	7.342760502e-05
2.886666667	7.392576068e-05
2.888	7.21964033e-05
2.889333333	7.304352205e-05
2.890666667	7.222941287e-05
2.892	7.15986194e-05
2.893333333	7.292592779e-05
2.894666667	7.277625853e-05
2.896	7.174831165e-05
2.897333333	7.199691217e-05
2.898666667	7.37686775e-05
2.9	7.300650859e-05
2.901333333	7.295640669e-05
2.902666667	7.381581994e-05
2.904	7.184812026e-05
2.905333333	7.462364529e-05
2.906666667	7.16500851e-05
2.908	7.472025361e-05
2.909333333	7.315169696e-05
2.910666667	7.20463073e-05
2.912	7.352972823e-05
2.913333333	7.193092019e-05
2.914666667	7.206268446e-05
2.916	7.23918503e-05
2.917333333	7.045024943e-05
2.918666667	7.431555477e-05
2.92	6.956401552e-05
2.921333333	7.101096898e-05
2.922666667	7.216099475e-05
2.924	7.444261545e-05
2.925333333	7.122559418e-05
2.926666667	7.266915306e-05
2.928	7.293112253e-05
2.929333333	7.268491111e-05
2.930666667	7.412583519e-05
2.932	7.270064049e-05
2.933333333	7.381298942e-05
2.934666667	7.117892876e-05
2.936	7.180051767e-05
2.937333333	7.263396995e-05
2.938666667	7.274800562e-05
2.94	7.312315024e-05
2.941333333	7.162134171e-05
2.942666667	7.090382138e-05
2.944	7.189882798e-05
2.945333333	7.178479144e-05
2.946666667	7.380469504e-05
2.948	7.237110103e-05
2.949333333	6.936021577e-05
2.950666667	6.993073607e-05
2.952	7.105356035e-05
2.953333333	7.185032949e-05
2.954666667	7.048583186e-05
2.956	7.090867824e-05
2.957333333	7.193165572e-05
2.958666667	7.211012793e-05
2.96	7.246680918e-05
2.961333333	7.305008311e-05
2.962666667	7.360043024e-05
2.964	7.23366041e-05
2.965333333	7.078256189e-05
2.966666667	7.162440805e-05
2.968	7.065426451e-05
2.969333333	7.256226653e-05
2.970666667	7.015458182e-05
2.972	7.317544254e-05
2.973333333	7.296505126e-05
2.974666667	7.38036544e-05
2.976	7.167390932e-05
2.977333333	7.157732047e-05
2.978666667	7.360783975e-05
2.98	7.363932458e-05
2.981333333	7.354198617e-05
2.982666667	7.095044605e-05
2.984	7.265591565e-05
2.985333333	6.953651913e-05
2.986666667	7.191606341e-05
2.988	7.083984055e-05
2.989333333	7.374653777e-05
2.990666667	7.127418423e-05
2.992	7.210868173e-05
2.993333333	7.060135066e-05
2.994666667	7.223678893e-05
2.996	7.249300363e-05
2.997333333	7.286108431e-05
2.998666667	7.169223247e-05
3	7.138837598e-05
3.001333333	7.130867862e-05
3.002666667	7.217216563e-05
3.004	7.346628869e-05
3.005333333	7.517450372e-05
3.006666667	7.247522078e-05
3.008	7.360792191e-05
3.009333333	6.985905499e-05
3.010666667	7.287312541e-05
3.012	7.169350815e-05
3.013333333	7.024415258e-05
3.014666667	7.183705393e-05
3.016	7.120054558e-05
3.017333333	7.248937821e-05
3.018666667	7.174184246e-05
3.02	7.105853977e-05
3.021333333	7.186914257e-05
3.022666667	7.107523238e-05
3.024	7.294854903e-05
3.025333333	7.215486296e-05
3.026666667	7.269396469e-05
3.028	7.399344963e-05
3.029333333	7.454711151e-05
3.030666667	6.968394325e-05
3.032	7.194868534e-05
3.033333333	7.156893924e-05
3.034666667	7.065176999e-05
3.036	7.054168757e-05
3.037333333	7.235960571e-05
3.038666667	7.210671037e-05
3.04	7.025938569e-05
3.041333333	7.196456422e-05
3.042666667	7.253246341e-05
3.044	7.164922057e-05
3.045333333	7.191730205e-05
3.046666667	7.350849072e-05
3.048	7.111425119e-05
3.049333333	7.198034592e-05
3.050666667	7.190167888e-05
3.052	7.227915007e-05
3.053333333	7.259341286e-05
3.054666667	7.249886839e-05
3.056	7.509012303e-05
3.057333333	7.259261059e-05
3.058666667	7.048958227e-05
3.06	7.207445838e-05
3.061333333	7.212145312e-05
3.062666667	7.28266204e-05
3.064	7.431442025e-05
3.065333333	7.202732026e-05
3.066666667	7.136994508e-05
3.068	7.191776792e-05
3.069333333	7.399760958e-05
3.070666667	7.298072424e-05
3.072	7.212096305e-05
3.073333333	7.483832017e-05
3.074666667	7.343212909e-05
3.076	7.285415893e-05
3.077333333	7.299415361e-05
3.078666667	7.146586652e-05
3.08	7.110766799e-05
3.081333333	7.173111729e-05
3.082666667	7.321037996e-05
3.084	7.238499219e-05
3.085333333	7.187144979e-05
3.086666667	7.252459136e-05
3.088	7.179382808e-05
3.089333333	7.283485035e-05
3.090666667	7.236858943e-05
3.092	7.295829757e-05
3.093333333	7.162346988e-05
3.094666667	7.274031941e-05
3.096	7.221289066e-05
3.097333333	7.167041978e-05
3.098666667	7.340539258e-05
3.1	7.317253492e-05
3.101333333	7.351250121e-05
3.102666667	7.26764808e-05
3.104	7.296997904e-05
3.105333333	7.228947346e-05
3.106666667	7.210394386e-05
3.108	7.431225587e-05
3.109333333	7.676565736e-05
3.110666667	7.390907974e-05
3.112	7.392367646e-05
3.113333333	7.515617614e-05
3.114666667	7.381414193e-05
3.116	7.353609489e-05
3.117333333	7.408971649e-05
3.118666667	7.438122982e-05
3.12	7.379562287e-05
3.121333333	7.402550423e-05
3.122666667	7.308702645e-05
3.124	7.2886822e-05
3.125333333	7.348537556e-05
3.126666667	7.267113619e-05
3.128	7.267084168e-05
3.129333333	7.313068173e-05
3.130666667	7.558319604e-05
3.132	7.46315275e-05
3.133333333	7.459976264e-05
3.134666667	7.325121781e-05
3.136	7.381696968e-05
3.137333333	7.282177399e-05
3.138666667	7.306609153e-05
3.14	7.422734334e-05
3.141333333	7.369161715e-05
3.142666667	7.323270925e-05
3.144	7.36291004e-05
3.145333333	7.216346319e-05
3.146666667	7.297181074e-05
3.148	7.323058705e-05
3.149333333	7.284904796e-05
3.150666667	7.255923548e-05
3.152	7.187375349e-05
3.153333333	7.216299853e-05
3.154666667	7.286279362e-05
3.156	7.310575171e-05
3.157333333	7.222357413e-05
3.158666667	7.187397851e-05
3.16	7.239044707e-05
3.161333333	7.327086046e-05
3.162666667	7.275432814e-05
3.164	7.135838719e-05
3.165333333	7.395157933e-05
3.166666667	7.241989742e-05
3.168	7.299543394e-05
3.169333333	7.190462496e-05
3.170666667	7.228310237e-05
3.172	7.229810654e-05
3.173333333	7.355335622e-05
3.174666667	7.34771017e-05
3.176	7.299287651e-05
3.177333333	7.225225489e-05
3.178666667	7.427550275e-05
3.18	7.25538945e-05
3.181333333	7.300626576e-05
3.182666667	7.226687988e-05
3.184	7.335211796e-05
3.185333333	7.279402369e-05
3.186666667	7.375763842e-05
3.188	7.172440242e-05
3.189333333	7.465910436e-05
3.190666667	7.48535426e-05
3.192	7.492752533e-05
3.193333333	7.342325952e-05
3.194666667	7.406869242e-05
3.196	7.16799898e-05
3.197333333	7.460736585e-05
3.198666667	7.225044103e-05
3.2	7.342025282e-05
3.201333333	7.370451584e-05
3.202666667	7.427328636e-05
3.204	7.518613032e-05
3.205333333	7.482541889e-05
3.206666667	7.352203352e-05
3.208	7.420962706e-05
3.209333333	7.378994947e-05
3.210666667	7.384899457e-05
3.212	7.316084153e-05
3.213333333	7.372794926e-05
3.214666667	7.430951704e-05
3.216	7.247285088e-05
3.217333333	7.369593966e-05
3.218666667	7.408294149e-05
3.22	7.448452859e-05
3.221333333	7.238263724e-05
3.222666667	7.677605695e-05
3.224	7.446653367e-05
3.225333333	7.44208621e-05
3.226666667	7.614535871e-05
3.228	7.177218132e-05
3.229333333	7.376387711e-05
3.230666667	7.475853471e-05
3.232	7.462373391e-05
3.233333333	7.503828597e-05
3.234666667	7.462155425e-05
3.236	7.367120919e-05
3.237333333	7.417459746e-05
3.238666667	7.420333375e-05
3.24	7.535789663e-05
3.241333333	7.386092686e-05
3.242666667	7.369733546e-05
3.244	7.473231804e-05
3.245333333	7.442060832e-05
3.246666667	7.375435322e-05
3.248	7.536435315e-05
3.249333333	7.554021938e-05
3.250666667	7.138973796e-05
3.252	7.310204088e-05
3.253333333	7.569812563e-05
3.254666667	7.314536279e-05
3.256	7.358711588e-05
3.257333333	7.395483238e-05
3.258666667	7.298191407e-05
3.26	7.330540854e-05
3.261333333	7.308411324e-05
3.262666667	7.161257387e-05
3.264	7.393609383e-05
3.265333333	7.484662476e-05
3.266666667	7.292068929e-05
3.268	7.186285097e-05
3.269333333	7.214183558e-05
3.270666667	7.406418061e-05
3.272	7.294849405e-05
3.273333333	7.40478197e-05
3.274666667	7.384178024e-05
3.276	7.189243995e-05
3.277333333	7.293227318e-05
3.278666667	7.218529301e-05
3.28	7.339975913e-05
3.281333333	7.287260382e-05
3.282666667	7.325239348e-05
3.284	7.417264072e-05
3.285333333	7.262315803e-05
3.286666667	7.328005191e-05
3.288	7.619902773e-05
3.289333333	7.352705516e-05
3.290666667	7.378897062e-05
3.292	7.393403569e-05
3.293333333	7.35688978e-05
3.294666667	7.282528826e-05
3.296	7.550436852e-05
3.297333333	7.179111549e-05
3.298666667	7.318802102e-05
3.3	7.260575608e-05
3.301333333	7.419020506e-05
3.302666667	7.44509009e-05
3.304	7.33313393e-05
3.305333333	7.311297997e-05
3.306666667	7.423018533e-05
3.308	7.370694564e-05
3.309333333	7.473599084e-05
3.310666667	7.454641264e-05
3.312	7.377731852e-05
3.313333333	7.237146473e-05
3.314666667	7.486187657e-05
3.316	7.500546e-05
3.317333333	7.267482966e-05
3.318666667	7.381709576e-05
3.32	7.585476503e-05
3.321333333	7.456707187e-05
3.322666667	7.433491072e-05
3.324	7.276007284e-05
3.325333333	7.265872496e-05
3.326666667	7.6539534e-05
3.328	7.330717258e-05
3.329333333	7.125953333e-05
3.330666667	7.280174327e-05
3.332	7.287343807e-05
3.333333333	7.412578932e-05
3.334666667	7.590968694e-05
3.336	7.505925738e-05
3.337333333	7.343289636e-05
3.338666667	7.32454289e-05
3.34	7.320181316e-05
3.341333333	7.229636421e-05
3.342666667	7.394749282e-05
3.344	7.269799643e-05
3.345333333	7.279814136e-05
3.346666667	7.426065575e-05
3.348	7.34426035e-05
3.349333333	7.444513181e-05
3.350666667	7.335549283e-05
3.352	7.419975186e-05
3.353333333	7.417024311e-05
3.354666667	7.488474072e-05
3.356	7.396827918e-05
3.357333333	7.273803378e-05
3.358666667	7.445257142e-05
3.36	7.540866167e-05
3.361333333	7.535018557e-05
3.362666667	7.297947823e-05
3.364	7.547592268e-05
3.365333333	7.411964687e-05
3.366666667	7.339172526e-05
3.368	7.371893278e-05
3.369333333	7.36897545e-05
3.370666667	7.235057124e-05
3.372	7.44997292e-05
3.373333333	7.385846525e-05
3.374666667	7.593421594e-05
3.376	7.523602422e-05
3.377333333	7.371412721e-05
3.378666667	7.358559145e-05
3.38	7.500496886e-05
3.381333333	7.694842344e-05
3.382666667	7.328572574e-05
3.384	7.468935993e-05
3.385333333	7.274594346e-05
3.386666667	7.414868476e-05
3.388	7.345366928e-05
3.389333333	7.196618493e-05
3.390666667	7.408950454e-05
3.392	7.490936727e-05
3.393333333	7.462533014e-05
3.394666667	7.541606073e-05
3.396	7.424165662e-05
3.397333333	7.63457879e-05
3.398666667	7.404217259e-05
3.4	7.470484225e-05
3.401333333	7.398411168e-05
3.402666667	7.439238573e-05
3.404	7.454654043e-05
3.405333333	7.527844676e-05
3.406666667	7.574209037e-05
3.408	7.721937717e-05
3.409333333	7.658382199e-05
3.410666667	7.375346882e-05
3.412	7.463899071e-05
3.413333333	7.745023351e-05
3.414666667	7.615495298e-05
3.416	7.56475078e-05
3.417333333	7.200843582e-05
3.418666667	7.512518647e-05
3.42	7.372056096e-05
3.421333333	7.659572963e-05
3.422666667	7.450449599e-05
3.424	7.402691467e-05
3.425333333	7.356371736e-05
3.426666667	7.356310115e-05
3.428	7.370249775e-05
3.429333333	7.444360489e-05
3.430666667	7.347731327e-05
3.432	7.494514743e-05
3.433333333	7.407726802e-05
3.434666667	7.443977922e-05
3.436	7.288830682e-05
3.437333333	7.298569702e-05
3.438666667	7.464628466e-05
3.44	7.390577483e-05
3.441333333	7.701520446e-05
3.442666667	7.195246278e-05
3.444	7.263534617e-05
3.445333333	7.500332542e-05
3.446666667	7.489075264e-05
3.448	7.472258691e-05
3.449333333	7.35248691e-05
3.450666667	7.403891427e-05
3.452	7.396859964e-05
3.453333333	7.198034592e-05
3.454666667	7.338355282e-05
3.456	7.423016573e-05
3.457333333	7.425706275e-05
3.458666667	7.504717771e-05
3.46	7.594765734e-05
3.461333333	7.376910813e-05
3.462666667	7.218826142e-05
3.464	7.39339992e-05
3.465333333	7.349003569e-05
3.466666667	7.250645732e-05
3.468	7.214642248e-05
3.469333333	7.416617999e-05
3.470666667	7.459404148e-05
3.472	7.267153419e-05
3.473333333	7.426039144e-05
3.474666667	7.405231904e-05
3.476	7.269835436e-05
3.477333333	7.471325263e-05
3.478666667	7.271160112e-05
3.48	7.273890485e-05
3.481333333	7.472389866e-05
3.482666667	7.284857525e-05
3.484	7.323397492e-05
3.485333333	7.298561955e-05
3.486666667	7.346703121e-05
3.488	7.382423167e-05
3.489333333	7.657454343e-05
3.490666667	7.46890619e-05
3.492	7.402828779e-05
3.493333333	7.299705629e-05
3.494666667	7.214515496e-05
3.496	7.291390753e-05
3.497333333	7.616604764e-05
3.498666667	7.355795976e-05
3.5	7.35710718e-05
3.501333333	7.331001524e-05
3.502666667	7.311767102e-05
3.504	7.33911881e-05
3.505333333	7.392465049e-05
3.506666667	7.334905378e-05
3.508	7.343062471e-05
3.509333333	7.394978727e-05
3.510666667	7.353889473e-05
3.512	7.215800769e-05
3.513333333	7.39475446e-05
3.514666667	7.25538945e-05
3.516	7.427367005e-05
3.517333333	7.293553535e-05
3.518666667	7.36171929e-05
3.52	7.262120144e-05
3.521333333	7.293445011e-05
3.522666667	7.266159092e-05
3.524	7.36828139e-05
3.525333333	7.270191928e-05
3.526666667	7.399454354e-05
3.528	7.279660386e-05
3.529333333	7.317707187e-05
3.530666667	7.384272692e-05
3.532	7.386920152e-05
3.533333333	7.465634671e-05
3.534666667	7.198034592e-05
3.536	7.206178701e-05
3.537333333	7.321507005e-05
3.538666667	7.314678831e-05
3.54	7.246844019e-05
3.541333333	7.397264697e-05
3.542666667	7.577377654e-05
3.544	7.435034791e-05
3.545333333	7.283322571e-05
3.546666667	7.254871865e-05
3.548	7.253497742e-05
3.549333333	7.373827284e-05
3.550666667	7.350781618e-05
3.552	7.370992811e-05
3.553333333	7.30474218e-05
3.554666667	7.268246147e-05
3.556	7.189936297e-05
3.557333333	7.515098909e-05
3.558666667	7.326161496e-05
3.56	7.185900801e-05
3.561333333	7.361105588e-05
3.562666667	7.34487827e-05
3.564	7.278835729e-05
3.565333333	7.285536416e-05
3.566666667	7.198034592e-05
3.568	7.346003908e-05
3.569333333	7.207447303e-05
3.570666667	7.220885496e-05
3.572	7.286716743e-05
3.573333333	7.286683647e-05
3.574666667	7.251741249e-05
3.576	7.355067978e-05
3.577333333	7.200717923e-05
3.578666667	7.196693427e-05
3.58	7.345507829e-05
3.581333333	6.940722613e-05
3.582666667	7.218129608e-05
3.584	7.418997515e-05
3.585333333	7.323869677e-05
3.586666667	7.202049113e-05
3.588	7.375945501e-05
3.589333333	7.290299944e-05
3.590666667	7.188677816e-05
3.592	7.26083534e-05
3.593333333	7.144606984e-05
3.594666667	7.136615637e-05
3.596	7.300806457e-05
3.597333333	7.250068577e-05
3.598666667	7.370083224e-05
3.6	6.998052153e-05
3.601333333	7.15005658e-05
3.602666667	7.277968347e-05
3.604	7.417771079e-05
3.605333333	7.233978172e-05
3.606666667	7.484146154e-05
3.608	7.382940674e-05
3.609333333	7.449360759e-05
3.610666667	7.304376747e-05
3.612	7.288392051e-05
3.613333333	7.354773489e-05
3.614666667	7.356043468e-05
3.616	7.406423202e-05
3.617333333	7.312141685e-05
3.618666667	7.536250701e-05
3.62	7.225877423e-05
3.621333333	7.285508406e-05
3.622666667	7.252354382e-05
3.624	7.362258381e-05
3.625333333	7.344987294e-05
3.626666667	7.118629909e-05
3.628	7.371337759e-05
3.629333333	7.172908255e-05
3.630666667	7.524557006e-05
3.632	7.429291441e-05
3.633333333	7.224454246e-05
3.634666667	7.41063477e-05
3.636	7.479197506e-05
3.637333333	7.329987564e-05
3.638666667	7.405124831e-05
3.64	7.188804653e-05
3.641333333	7.286345949e-05
3.642666667	7.296854397e-05
3.644	7.494385513e-05
3.645333333	7.187501526e-05
3.646666667	7.366502032e-05
3.648	7.213822641e-05
3.649333333	7.234859911e-05
3.650666667	7.241420006e-05
3.652	7.322886388e-05
3.653333333	7.454215783e-05
3.654666667	7.303096218e-05
3.656	7.284678817e-05
3.657333333	7.264962535e-05
3.658666667	7.40661624e-05
3.66	7.268847831e-05
3.661333333	7.212454257e-05
3.662666667	7.140376933e-05
3.664	7.274010208e-05
3.665333333	7.085422081e-05
3.666666667	7.309297175e-05
3.668	7.305331236e-05
3.669333333	7.182338351e-05
3.670666667	7.364092793e-05
3.672	7.503888977e-05
3.673333333	7.113105885e-05
3.674666667	7.301218177e-05
3.676	7.388659125e-05
3.677333333	7.216307028e-05
3.678666667	7.298496558e-05
3.68	7.452359062e-05
3.681333333	7.247577305e-05
3.682666667	7.446961735e-05
3.684	7.259266742e-05
3.685333333	7.207150974e-05
3.686666667	7.112111228e-05
3.688	7.434889103e-05
3.689333333	7.244868e-05
3.690666667	7.113504828e-05
3.692	7.367033057e-05
3.693333333	7.496923915e-05
3.694666667	7.149969752e-05
3.696	7.251276414e-05
3.697333333	7.320057181e-05
3.698666667	7.374514258e-05
3.7	7.380936535e-05
3.701333333	7.083924154e-05
3.702666667	7.332843812e-05
3.704	7.122879596e-05
3.705333333	7.13456443e-05
3.706666667	7.297737536e-05
3.708	7.231688414e-05
3.709333333	7.190271118e-05
3.710666667	7.088091566e-05
3.712	7.349313566e-05
3.713333333	7.451368186e-05
3.714666667	7.248424711e-05
3.716	7.188993458e-05
3.717333333	7.418817358e-05
3.718666667	7.257405149e-05
3.72	7.30254092e-05
3.721333333	7.231567812e-05
3.722666667	7.363062074e-05
3.724	7.401667442e-05
3.725333333	7.230243446e-05
3.726666667	7.370612269e-05
3.728	7.301029185e-05
3.729333333	7.311288132e-05
3.730666667	7.300955552e-05
3.732	7.307349036e-05
3.733333333	7.325308289e-05
3.734666667	7.248154812e-05
3.736	7.254560297e-05
3.737333333	7.379109147e-05
3.738666667	7.083780075e-05
3.74	7.344330892e-05
3.741333333	7.20444881e-05
3.742666667	7.128785729e-05
3.744	7.494160325e-05
3.745333333	7.215975216e-05
3.746666667	7.274895613e-05
3.748	7.466952448e-05
3.749333333	7.189073852e-05
3.750666667	7.240263062e-05
3.752	7.199313788e-05
3.753333333	7.053536829e-05
3.754666667	7.341202746e-05
3.756	7.195478926e-05
3.757333333	7.302779728e-05
3.758666667	7.127803636e-05
3.76	7.206969908e-05
3.761333333	7.187826424e-05
3.762666667	7.2426795e-05
3.764	7.092199894e-05
3.765333333	7.275789172e-05
3.766666667	7.359859764e-05
3.768	7.176380622e-05
3.769333333	7.290986392e-05
3.770666667	7.346959446e-05
3.772	7.318913731e-05
3.773333333	7.265448594e-05
3.774666667	7.292126548e-05
3.776	7.238708636e-05
3.777333333	7.186599056e-05
3.778666667	7.26027276e-05
3.78	7.338973354e-05
3.781333333	7.247536153e-05
3.782666667	7.092722258e-05
3.784	7.115590143e-05
3.785333333	7.250019693e-05
3.786666667	7.175219903e-05
3.788	7.263920493e-05
3.789333333	7.284162756e-05
3.790666667	7.079016958e-05
3.792	7.299290574e-05
3.793333333	7.238522746e-05
3.794666667	7.187916111e-05
3.796	7.38010327e-05
3.797333333	7.249855386e-05
3.798666667	7.342071093e-05
3.8	7.114674304e-05
3.801333333	7.13995538e-05
3.802666667	7.606970803e-05
3.804	7.394860779e-05
3.805333333	7.412449501e-05
3.806666667	7.373288894e-05
3.808	7.286261247e-05
3.809333333	7.337887881e-05
3.810666667	7.177882615e-05
3.812	7.316386045e-05
3.813333333	7.284879213e-05
3.814666667	7.240812634e-05
3.816	7.331354821e-05
3.817333333	7.386629385e-05
3.818666667	7.358912614e-05
3.82	7.252060686e-05
3.821333333	7.346240504e-05
3.822666667	7.247000814e-05
3.824	7.278361395e-05
3.825333333	7.328520142e-05
3.826666667	7.305898502e-05
3.828	7.368550653e-05
3.829333333	7.396065145e-05
3.830666667	7.290750791e-05
3.832	7.294475982e-05
3.833333333	7.38333797e-05
3.834666667	7.475892996e-05
3.836	7.209295206e-05
3.837333333	7.413162646e-05
3.838666667	7.43184256e-05
3.84	7.391765338e-05
3.841333333	7.367958686e-05
3.842666667	7.208026659e-05
3.844	7.266706215e-05
3.845333333	7.346563484e-05
3.846666667	7.346511992e-05
3.848	7.421297145e-05
3.849333333	7.242921003e-05
3.850666667	7.487202389e-05
3.852	7.507037982e-05
3.853333333	7.269030954e-05
3.854666667	7.277722227e-05
3.856	7.517919581e-05
3.857333333	7.418268322e-05
3.858666667	7.290077889e-05
3.86	7.295019685e-05
3.861333333	7.337247142e-05
3.862666667	7.458968006e-05
3.864	7.492414955e-05
3.865333333	7.464996372e-05
3.866666667	7.43139043e-05
3.868	7.519408659e-05
3.869333333	7.304708895e-05
3.870666667	7.41006972e-05
3.872	7.298437692e-05
3.873333333	7.380184891e-05
3.874666667	7.303323345e-05
3.876	7.57942022e-05
3.877333333	7.251261675e-05
3.878666667	7.495013843e-05
3.88	7.252462075e-05
3.881333333	7.402067526e-05
3.882666667	7.398289032e-05
3.884	7.257348869e-05
3.885333333	7.325269458e-05
3.886666667	7.225201647e-05
3.888	7.272101146e-05
3.889333333	7.119057357e-05
3.890666667	7.173362666e-05
3.892	7.22763076e-05
3.893333333	7.227620623e-05
3.894666667	7.246095429e-05
3.896	7.283036199e-05
3.897333333	7.434479869e-05
3.898666667	7.2915955e-05
3.9	7.286640934e-05
3.901333333	7.324747558e-05
3.902666667	7.275512156e-05
3.904	7.24106298e-05
3.905333333	7.433995433e-05
3.906666667	7.322117455e-05
3.908	7.384709436e-05
3.909333333	7.372368707e-05
3.910666667	7.336717953e-05
3.912	7.277781013e-05
3.913333333	7.440871677e-05
3.914666667	7.367227025e-05
3.916	7.310791136e-05
3.917333333	7.32055433e-05
3.918666667	7.462587166e-05
3.92	7.423317526e-05
3.921333333	7.204154329e-05
3.922666667	7.268999407e-05
3.924	7.531945118e-05
3.925333333	7.24694259e-05
3.926666667	7.278705383e-05
3.928	7.353212048e-05
3.929333333	7.351937928e-05
3.930666667	7.394622136e-05
3.932	7.229770882e-05
3.933333333	7.202915443e-05
3.934666667	7.348069884e-05
3.936	7.569947273e-05
3.937333333	7.440610187e-05
3.938666667	7.399097011e-05
3.94	7.227270137e-05
3.941333333	7.290582491e-05
3.942666667	7.391589049e-05
3.944	7.135972079e-05
3.945333333	7.226014108e-05
3.946666667	7.313563108e-05
3.948	7.037564982e-05
3.949333333	7.245430059e-05
3.950666667	7.303727252e-05
3.952	7.368057343e-05
3.953333333	7.238097865e-05
3.954666667	7.370369934e-05
3.956	7.284173216e-05
3.957333333	7.244121419e-05
3.958666667	7.185910566e-05
3.96	7.285298187e-05
3.961333333	7.533644015e-05
3.962666667	7.124152696e-05
3.964	7.348170217e-05
3.965333333	7.277918615e-05
3.966666667	7.379528153e-05
3.968	7.212549198e-05
3.969333333	7.256073507e-05
3.970666667	7.292316154e-05
3.972	7.30920115e-05
3.973333333	7.313995546e-05
3.974666667	7.346559715e-05
3.976	7.374273575e-05
3.977333333	7.295778231e-05
3.978666667	7.241461649e-05
3.98	7.327066206e-05
3.981333333	7.37162645e-05
3.982666667	7.348671513e-05
3.984	7.385966542e-05
3.985333333	7.455752411e-05
3.986666667	7.219704541e-05
3.988	7.35689441e-05
3.989333333	7.284656436e-05
3.990666667	7.198034592e-05
3.992	7.343510154e-05
3.993333333	7.255724634e-05
3.994666667	7.378255789e-05
3.996	7.147589498e-05
3.997333333	7.189629881e-05
3.998666667	7.258048221e-05
4	7.176436889e-05
