0.001333333333	0
0.002666666667	0
0.004	0
0.005333333333	0
0.006666666667	0
0.008	0
0.009333333333	0
0.01066666667	0
0.012	0
0.01333333333	0
0.01466666667	0
0.016	0
0.01733333333	0
0.01866666667	0
0.02	0
0.02133333333	0
0.02266666667	0
0.024	0
0.02533333333	0
0.02666666667	0
0.028	0
0.02933333333	0
0.03066666667	0
0.032	0
0.03333333333	0
0.03466666667	0
0.036	0
0.03733333333	0
0.03866666667	0
0.04	0
0.04133333333	0
0.04266666667	0
0.044	0
0.04533333333	0
0.04666666667	0
0.048	0
0.04933333333	0
0.05066666667	0
0.052	0
0.05333333333	0
0.05466666667	0
0.056	0
0.05733333333	0
0.05866666667	0
0.06	0
0.06133333333	0
0.06266666667	0
0.064	0
0.06533333333	0
0.06666666667	0
0.068	0
0.06933333333	0
0.07066666667	0
0.072	0
0.07333333333	0
0.07466666667	0
0.076	0
0.07733333333	0
0.07866666667	0
0.08	0
0.08133333333	0
0.08266666667	0
0.084	0
0.08533333333	0
0.08666666667	0
0.088	0
0.08933333333	0
0.09066666667	0
0.092	0
0.09333333333	0
0.09466666667	0
0.096	0
0.09733333333	0
0.09866666667	0
0.1	0
0.1013333333	0
0.1026666667	0
0.104	0
0.1053333333	0
0.1066666667	0
0.108	0
0.1093333333	0
0.1106666667	0
0.112	0
0.1133333333	0
0.1146666667	0
0.116	0
0.1173333333	0
0.1186666667	0
0.12	0
0.1213333333	0
0.1226666667	0
0.124	0
0.1253333333	0
0.1266666667	0
0.128	0
0.1293333333	0
0.1306666667	0
0.132	0
0.1333333333	0
0.1346666667	0
0.136	0
0.1373333333	0
0.1386666667	0
0.14	0
0.1413333333	0
0.1426666667	0
0.144	0
0.1453333333	0
0.1466666667	0
0.148	0
0.1493333333	0
0.1506666667	0
0.152	0
0.1533333333	0
0.1546666667	0
0.156	0
0.1573333333	0
0.1586666667	0
0.16	0
0.1613333333	0
0.1626666667	0
0.164	0
0.1653333333	0
0.1666666667	0
0.168	0
0.1693333333	0
0.1706666667	0
0.172	0
0.1733333333	0
0.1746666667	0
0.176	0
0.1773333333	0
0.1786666667	0
0.18	0
0.1813333333	0
0.1826666667	0
0.184	0
0.1853333333	0
0.1866666667	0
0.188	0
0.1893333333	0
0.1906666667	0
0.192	0
0.1933333333	0
0.1946666667	0
0.196	0
0.1973333333	0
0.1986666667	0
0.2	0
0.2013333333	0
0.2026666667	0
0.204	0
0.2053333333	0
0.2066666667	0
0.208	0
0.2093333333	0
0.2106666667	0
0.212	0
0.2133333333	0
0.2146666667	0
0.216	0
0.2173333333	0
0.2186666667	0
0.22	0
0.2213333333	0
0.2226666667	0
0.224	0
0.2253333333	0
0.2266666667	0
0.228	0
0.2293333333	0
0.2306666667	0
0.232	0
0.2333333333	0
0.2346666667	0
0.236	0
0.2373333333	0
0.2386666667	0
0.24	0
0.2413333333	0
0.2426666667	0
0.244	0
0.2453333333	0
0.2466666667	0
0.248	0
0.2493333333	0
0.2506666667	0
0.252	0
0.2533333333	0
0.2546666667	0
0.256	0
0.2573333333	0
0.2586666667	0
0.26	0
0.2613333333	0
0.2626666667	0
0.264	0
0.2653333333	0
0.2666666667	0
0.268	0
0.2693333333	0
0.2706666667	0
0.272	0
0.2733333333	0
0.2746666667	0
0.276	0
0.2773333333	0
0.2786666667	0
0.28	0
0.2813333333	0
0.2826666667	0
0.284	0
0.2853333333	0
0.2866666667	0
0.288	0
0.2893333333	0
0.2906666667	0
0.292	0
0.2933333333	0
0.2946666667	0
0.296	0
0.2973333333	0
0.2986666667	0
0.3	0
0.3013333333	0
0.3026666667	0
0.304	0
0.3053333333	0
0.3066666667	0
0.308	0
0.3093333333	0
0.3106666667	0
0.312	0
0.3133333333	0
0.3146666667	0
0.316	0
0.3173333333	0
0.3186666667	0
0.32	0
0.3213333333	0
0.3226666667	0
0.324	0
0.3253333333	0
0.3266666667	0
0.328	0
0.3293333333	0
0.3306666667	0
0.332	0
0.3333333333	0
0.3346666667	0
0.336	0
0.3373333333	0
0.3386666667	0
0.34	0
0.3413333333	0
0.3426666667	0
0.344	1.39767662e-07
0.3453333333	0
0.3466666667	0
0.348	0
0.3493333333	0
0.3506666667	0
0.352	0
0.3533333333	0
0.3546666667	0
0.356	0
0.3573333333	0
0.3586666667	0
0.36	0
0.3613333333	0
0.3626666667	0
0.364	0
0.3653333333	0
0.3666666667	0
0.368	0
0.3693333333	0
0.3706666667	0
0.372	0
0.3733333333	0
0.3746666667	0
0.376	0
0.3773333333	0
0.3786666667	0
0.38	0
0.3813333333	0
0.3826666667	0
0.384	0
0.3853333333	0
0.3866666667	0
0.388	0
0.3893333333	0
0.3906666667	0
0.392	0
0.3933333333	0
0.3946666667	0
0.396	0
0.3973333333	0
0.3986666667	0
0.4	0
0.4013333333	0
0.4026666667	0
0.404	0
0.4053333333	0
0.4066666667	0
0.408	0
0.4093333333	0
0.4106666667	0
0.412	0
0.4133333333	0
0.4146666667	0
0.416	0
0.4173333333	0
0.4186666667	0
0.42	0
0.4213333333	0
0.4226666667	0
0.424	0
0.4253333333	0
0.4266666667	0
0.428	0
0.4293333333	0
0.4306666667	0
0.432	0
0.4333333333	0
0.4346666667	0
0.436	0
0.4373333333	0
0.4386666667	0
0.44	0
0.4413333333	0
0.4426666667	0
0.444	0
0.4453333333	0
0.4466666667	0
0.448	0
0.4493333333	0
0.4506666667	0
0.452	0
0.4533333333	0
0.4546666667	0
0.456	0
0.4573333333	0
0.4586666667	0
0.46	0
0.4613333333	0
0.4626666667	0
0.464	0
0.4653333333	0
0.4666666667	0
0.468	0
0.4693333333	0
0.4706666667	0
0.472	0
0.4733333333	0
0.4746666667	0
0.476	0
0.4773333333	0
0.4786666667	0
0.48	0
0.4813333333	0
0.4826666667	0
0.484	0
0.4853333333	0
0.4866666667	0
0.488	0
0.4893333333	0
0.4906666667	0
0.492	0
0.4933333333	0
0.4946666667	0
0.496	0
0.4973333333	0
0.4986666667	0
0.5	0
0.5013333333	0
0.5026666667	0
0.504	0
0.5053333333	0
0.5066666667	0
0.508	0
0.5093333333	0
0.5106666667	0
0.512	0
0.5133333333	0
0.5146666667	0
0.516	0
0.5173333333	0
0.5186666667	0
0.52	0
0.5213333333	0
0.5226666667	0
0.524	0
0.5253333333	0
0.5266666667	0
0.528	0
0.5293333333	0
0.5306666667	0
0.532	0
0.5333333333	0
0.5346666667	0
0.536	0
0.5373333333	0
0.5386666667	0
0.54	0
0.5413333333	0
0.5426666667	0
0.544	0
0.5453333333	0
0.5466666667	0
0.548	0
0.5493333333	0
0.5506666667	0
0.552	0
0.5533333333	0
0.5546666667	0
0.556	0
0.5573333333	0
0.5586666667	0
0.56	0
0.5613333333	0
0.5626666667	0
0.564	0
0.5653333333	0
0.5666666667	0
0.568	0
0.5693333333	0
0.5706666667	0
0.572	0
0.5733333333	0
0.5746666667	0
0.576	0
0.5773333333	0
0.5786666667	0
0.58	0
0.5813333333	0
0.5826666667	0
0.584	0
0.5853333333	0
0.5866666667	0
0.588	0
0.5893333333	0
0.5906666667	0
0.592	0
0.5933333333	0
0.5946666667	0
0.596	0
0.5973333333	0
0.5986666667	0
0.6	0
0.6013333333	0
0.6026666667	0
0.604	0
0.6053333333	0
0.6066666667	0
0.608	0
0.6093333333	0
0.6106666667	0
0.612	0
0.6133333333	0
0.6146666667	0
0.616	0
0.6173333333	0
0.6186666667	0
0.62	0
0.6213333333	0
0.6226666667	0
0.624	0
0.6253333333	0
0.6266666667	0
0.628	0
0.6293333333	0
0.6306666667	0
0.632	0
0.6333333333	7.584862584e-08
0.6346666667	0
0.636	0
0.6373333333	0
0.6386666667	0
0.64	0
0.6413333333	0
0.6426666667	0
0.644	0
0.6453333333	0
0.6466666667	0
0.648	0
0.6493333333	0
0.6506666667	0
0.652	0
0.6533333333	0
0.6546666667	0
0.656	0
0.6573333333	0
0.6586666667	0
0.66	0
0.6613333333	0
0.6626666667	0
0.664	0
0.6653333333	0
0.6666666667	0
0.668	0
0.6693333333	0
0.6706666667	0
0.672	0
0.6733333333	0
0.6746666667	0
0.676	0
0.6773333333	0
0.6786666667	0
0.68	0
0.6813333333	0
0.6826666667	0
0.684	0
0.6853333333	0
0.6866666667	0
0.688	0
0.6893333333	0
0.6906666667	0
0.692	0
0.6933333333	0
0.6946666667	0
0.696	0
0.6973333333	0
0.6986666667	0
0.7	0
0.7013333333	0
0.7026666667	0
0.704	0
0.7053333333	0
0.7066666667	0
0.708	0
0.7093333333	0
0.7106666667	0
0.712	0
0.7133333333	0
0.7146666667	0
0.716	0
0.7173333333	0
0.7186666667	0
0.72	0
0.7213333333	0
0.7226666667	0
0.724	0
0.7253333333	0
0.7266666667	0
0.728	0
0.7293333333	0
0.7306666667	0
0.732	0
0.7333333333	0
0.7346666667	0
0.736	0
0.7373333333	0
0.7386666667	0
0.74	0
0.7413333333	0
0.7426666667	0
0.744	0
0.7453333333	0
0.7466666667	0
0.748	0
0.7493333333	0
0.7506666667	0
0.752	0
0.7533333333	0
0.7546666667	0
0.756	6.353075545e-08
0.7573333333	0
0.7586666667	6.330725235e-08
0.76	0
0.7613333333	0
0.7626666667	6.297493082e-08
0.764	0
0.7653333333	0
0.7666666667	0
0.768	0
0.7693333333	0
0.7706666667	0
0.772	0
0.7733333333	0
0.7746666667	0
0.776	6.189195694e-08
0.7773333333	0
0.7786666667	0
0.78	0
0.7813333333	6.146912547e-08
0.7826666667	0
0.784	0
0.7853333333	0
0.7866666667	0
0.788	1.218972835e-07
0.7893333333	0
0.7906666667	1.214858159e-07
0.792	6.064056101e-08
0.7933333333	0
0.7946666667	1.208737967e-07
0.796	0
0.7973333333	0
0.7986666667	1.20267913e-07
0.8	6.003364965e-08
0.8013333333	5.993367687e-08
0.8026666667	1.19668073e-07
0.804	1.194694538e-07
0.8053333333	1.192714928e-07
0.8066666667	1.190741868e-07
0.808	5.943876625e-08
0.8093333333	5.934076333e-08
0.8106666667	1.184861661e-07
0.812	1.182914477e-07
0.8133333333	5.904868411e-08
0.8146666667	2.358078491e-07
0.816	5.885555677e-08
0.8173333333	0
0.8186666667	0
0.82	1.757046687e-07
0.8213333333	5.847306736e-08
0.8226666667	5.837822054e-08
0.824	5.828368091e-08
0.8253333333	1.74568341e-07
0.8266666667	1.742865519e-07
0.828	0
0.8293333333	1.158171294e-07
0.8306666667	1.734466167e-07
0.832	1.731684345e-07
0.8333333333	1.728911431e-07
0.8346666667	5.753824614e-08
0.836	1.723392161e-07
0.8373333333	5.735485731e-08
0.8386666667	0
0.84	1.143452676e-07
0.8413333333	0
0.8426666667	5.699156447e-08
0.844	0
0.8453333333	0
0.8466666667	5.672210081e-08
0.848	5.663284494e-08
0.8493333333	1.696316086e-07
0.8506666667	0
0.852	0
0.8533333333	1.125572258e-07
0.8546666667	5.619074623e-08
0.856	5.610315349e-08
0.8573333333	1.120316668e-07
0.8586666667	5.592878471e-08
0.86	1.116840123e-07
0.8613333333	0
0.8626666667	5.566925439e-08
0.864	1.111665574e-07
0.8653333333	1.664927045e-07
0.8666666667	2.216484863e-07
0.868	2.213077507e-07
0.8693333333	0
0.8706666667	1.654720596e-07
0.872	1.652188506e-07
0.8733333333	0
0.8746666667	0
0.876	2.741064201e-07
0.8773333333	0
0.8786666667	1.639643415e-07
0.88	5.457190745e-08
0.8813333333	2.179571413e-07
0.8826666667	2.720345651e-07
0.884	2.716239469e-07
0.8853333333	3.254574797e-07
0.8866666667	2.708064181e-07
0.888	1.081597985e-07
0.8893333333	1.619962774e-07
0.8906666667	1.617535863e-07
0.892	1.076744142e-07
0.8933333333	2.150271723e-07
0.8946666667	5.367661888e-08
0.896	1.07193367e-07
0.8973333333	1.070339716e-07
0.8986666667	1.068750496e-07
0.9	0
0.9013333333	5.32793086e-08
0.9026666667	1.596016539e-07
0.904	1.593660795e-07
0.9053333333	2.121749327e-07
0.9066666667	0
0.908	5.288783683e-08
0.9093333333	1.584306954e-07
0.9106666667	2.636642708e-07
0.912	1.053114059e-07
0.9133333333	1.051575543e-07
0.9146666667	5.25020758e-08
0.916	5.242559791e-08
0.9173333333	1.04698685e-07
0.9186666667	5.227330859e-08
0.92	5.219749523e-08
0.9213333333	2.084876059e-07
0.9226666667	3.12279158e-07
0.924	5.19713689e-08
0.9253333333	2.59482141e-07
0.9266666667	1.036434067e-07
0.928	0
0.9293333333	2.583644864e-07
0.9306666667	1.031976286e-07
0.932	5.15249434e-08
0.9333333333	1.543538512e-07
0.9346666667	1.541335031e-07
0.936	1.539137832e-07
0.9373333333	1.536946888e-07
0.9386666667	1.023174782e-07
0.94	0
0.9413333333	5.101371079e-08
0.9426666667	2.037660182e-07
0.944	5.086950242e-08
0.9453333333	1.523931106e-07
0.9466666667	1.521783212e-07
0.948	5.065471212e-08
0.9493333333	5.058351787e-08
0.9506666667	5.051252346e-08
0.952	5.044172805e-08
0.9533333333	0
0.9546666667	1.006014618e-07
0.956	2.511526376e-07
0.9573333333	5.016051981e-08
0.9586666667	2.504535349e-07
0.96	0
0.9613333333	0
0.9626666667	1.496472888e-07
0.964	1.494401645e-07
0.9653333333	2.984672257e-07
0.9666666667	1.987035084e-07
0.968	9.921481175e-08
0.9693333333	1.486173694e-07
0.9706666667	4.947102813e-08
0.972	1.482093602e-07
0.9733333333	1.973415927e-07
0.9746666667	1.478035851e-07
0.976	9.840101972e-08
0.9773333333	1.965333677e-07
0.9786666667	4.906635714e-08
0.98	4.899955475e-08
0.9813333333	9.786586801e-08
0.9826666667	4.886649418e-08
0.984	1.952009381e-07
0.9853333333	4.873415432e-08
0.9866666667	2.433412641e-07
0.988	1.45807588e-07
0.9893333333	1.941479324e-07
0.9906666667	9.694322683e-08
0.992	1.936256783e-07
0.9933333333	9.668280178e-08
0.9946666667	1.448296699e-07
0.996	9.642377217e-08
0.9973333333	9.629477716e-08
0.9986666667	2.40415317e-07
1	9.603781978e-08
1.001333333	1.918197093e-07
1.002666667	4.789111505e-08
1.004	1.434824171e-07
1.005333333	1.910559945e-07
1.006666667	2.385034656e-07
1.008	4.763755521e-08
1.009333333	1.902983369e-07
1.010666667	0
1.012	9.489828072e-08
1.013333333	4.738666618e-08
1.014666667	1.892974252e-07
1.016	9.452442012e-08
1.017333333	0
1.018666667	1.885536239e-07
1.02	1.412302405e-07
1.021333333	1.410457464e-07
1.022666667	1.408617337e-07
1.024	9.3785467e-08
1.025333333	0
1.026666667	4.677085505e-08
1.028	4.67101531e-08
1.029333333	1.399488255e-07
1.030666667	9.317844133e-08
1.032	1.861159558e-07
1.033333333	1.394067384e-07
1.034666667	1.392269747e-07
1.036	9.269844936e-08
1.037333333	1.388688346e-07
1.038666667	9.246030305e-08
1.04	1.385125322e-07
1.041333333	4.611168861e-08
1.042666667	9.210536907e-08
1.044	2.759629876e-07
1.045333333	9.187025644e-08
1.046666667	1.835062994e-07
1.048	1.832726822e-07
1.049333333	9.151982953e-08
1.050666667	1.828072277e-07
1.052	2.282192325e-07
1.053333333	4.558603288e-08
1.054666667	2.276418277e-07
1.056	2.728250635e-07
1.057333333	0
1.058666667	2.267811781e-07
1.06	1.358974435e-07
1.061333333	2.26211018e-07
1.062666667	1.35556207e-07
1.064	1.805149741e-07
1.065333333	9.014445326e-08
1.066666667	4.501585111e-08
1.068	1.348788493e-07
1.069333333	0
1.070666667	8.969513511e-08
1.072	4.479175229e-08
1.073333333	1.342082273e-07
1.074666667	2.234026875e-07
1.076	2.231256848e-07
1.077333333	8.913974727e-08
1.078666667	8.902949403e-08
1.08	8.891951319e-08
1.081333333	8.880980373e-08
1.082666667	8.870036466e-08
1.084	0
1.085333333	4.424114685e-08
1.086666667	2.209341496e-07
1.088	1.323979385e-07
1.089333333	8.815719035e-08
1.090666667	1.320740292e-07
1.092	1.758835575e-07
1.093333333	8.783446727e-08
1.094666667	0
1.096	4.381031401e-08
1.097333333	1.750281968e-07
1.098666667	8.740782747e-08
1.1	8.730181434e-08
1.101333333	3.051862032e-07
1.102666667	4.354527884e-08
1.104	8.69853123e-08
1.105333333	4.344016049e-08
1.106666667	1.735511656e-07
1.108	1.300066453e-07
1.109333333	1.731337244e-07
1.110666667	4.323143899e-07
1.112	8.635914328e-08
1.113333333	2.15639143e-07
1.114666667	4.307620941e-08
1.116	1.290741409e-07
1.117333333	8.59466817e-08
1.118666667	8.584418119e-08
1.12	1.286128873e-07
1.121333333	8.563991187e-08
1.122666667	8.553814132e-08
1.124	1.281549186e-07
1.125333333	2.133383104e-07
1.126666667	1.704685516e-07
1.128	1.277001997e-07
1.129333333	8.503289536e-08
1.130666667	2.972639655e-07
1.132	1.272486964e-07
1.133333333	2.541978079e-07
1.134666667	1.692659516e-07
1.136	8.4533583e-08
1.137333333	1.688688467e-07
1.138666667	8.43354961e-08
1.14	4.211840019e-08
1.141333333	8.413833539e-08
1.142666667	0
1.144	1.259131416e-07
1.145333333	8.384431674e-08
1.146666667	0
1.148	4.182472163e-08
1.149333333	1.253285187e-07
1.150666667	8.345547354e-08
1.152	1.250382384e-07
1.153333333	4.163120065e-08
1.154666667	1.247492997e-07
1.156	2.076755508e-07
1.157333333	2.489233865e-07
1.158666667	8.28789245e-08
1.16	2.069590165e-07
1.161333333	1.653770153e-07
1.162666667	4.12968135e-08
1.164	1.237484457e-07
1.165333333	1.236067761e-07
1.166666667	8.231028693e-08
1.168	2.466488153e-07
1.169333333	1.642449422e-07
1.170666667	2.050722106e-07
1.172	1.229032657e-07
1.173333333	2.864482214e-07
1.174666667	2.452481974e-07
1.176	2.041416504e-07
1.177333333	1.631282627e-07
1.178666667	2.036795301e-07
1.18	8.137970144e-08
1.181333333	1.219316983e-07
1.182666667	1.623922074e-07
1.184	4.055230756e-08
1.185333333	8.10133325e-08
1.186666667	1.213833827e-07
1.188	2.424941469e-07
1.189333333	2.825924966e-07
1.190666667	1.613004951e-07
1.192	8.055998425e-08
1.193333333	2.414097683e-07
1.194666667	1.607601249e-07
1.196	8.029040259e-08
1.197333333	1.604018851e-07
1.198666667	8.011168161e-08
1.2	1.200339287e-07
1.201333333	1.199006317e-07
1.202666667	7.984508699e-08
1.204	7.975661598e-08
1.205333333	3.983417041e-08
1.206666667	0
1.208	1.589847508e-07
1.209333333	1.588093677e-07
1.210666667	1.586343712e-07
1.212	1.188448199e-07
1.213333333	0
1.214666667	1.185837659e-07
1.216	1.974227809e-07
1.217333333	7.888257088e-08
1.218666667	1.575924377e-07
1.22	7.871005569e-08
1.221333333	7.862408075e-08
1.222666667	3.926914671e-08
1.224	7.845269311e-08
1.225333333	1.959181979e-07
1.226666667	1.957051276e-07
1.228	3.909850403e-08
1.229333333	7.811214967e-08
1.230666667	1.950686881e-07
1.232	1.948574605e-07
1.233333333	3.114347038e-07
1.234666667	1.555490998e-07
1.236	2.330718163e-07
1.237333333	1.16410263e-07
1.238666667	2.713314063e-07
1.24	2.710394951e-07
1.241333333	1.160349478e-07
1.242666667	1.545471732e-07
1.244	3.859535975e-08
1.245333333	1.927700748e-07
1.246666667	3.851275865e-08
1.248	7.694318111e-08
1.249333333	3.843051037e-08
1.250666667	1.919475891e-07
1.252	3.834861264e-08
1.253333333	1.532311781e-07
1.254666667	1.913353161e-07
1.256	2.293585106e-07
1.257333333	3.818585991e-08
1.258666667	3.814538735e-08
1.26	1.905250024e-07
1.261333333	7.612939812e-08
1.262666667	1.140734484e-07
1.264	1.139530542e-07
1.265333333	1.13832914e-07
1.266666667	3.790434225e-08
1.268	2.271867836e-07
1.269333333	3.404220249e-07
1.270666667	1.51139834e-07
1.272	1.132359925e-07
1.273333333	0
1.274666667	3.76663244e-08
1.276	1.505077803e-07
1.277333333	1.12762944e-07
1.278666667	1.126452988e-07
1.28	0
1.281333333	2.248214865e-07
1.282666667	1.871563857e-07
1.284	7.478477499e-08
1.285333333	2.614750501e-07
1.286666667	1.119445504e-07
1.288	1.118286058e-07
1.289333333	2.606634358e-07
1.290666667	1.115974355e-07
1.292	2.972858892e-07
1.293333333	3.712240636e-08
1.294666667	3.708415555e-08
1.296	1.852299175e-07
1.297333333	2.590552295e-07
1.298666667	7.393974928e-08
1.3	7.386387473e-08
1.301333333	3.689407787e-08
1.302666667	7.371259183e-08
1.304	1.472743651e-07
1.305333333	1.10342891e-07
1.306666667	1.102302388e-07
1.308	1.835296938e-07
1.309333333	1.833427049e-07
1.310666667	1.465248772e-07
1.312	2.195638412e-07
1.313333333	1.096704102e-07
1.314666667	3.286773787e-07
1.316	3.283442034e-07
1.317333333	2.186744686e-07
1.318666667	1.092266251e-07
1.32	7.27441596e-08
1.321333333	1.453414355e-07
1.322666667	1.451948481e-07
1.324	7.252427801e-08
1.325333333	3.260307566e-07
1.326666667	1.447568545e-07
1.328	7.230572167e-08
1.329333333	3.6116581e-08
1.330666667	1.443214956e-07
1.332	7.208847864e-08
1.333333333	1.440327082e-07
1.334666667	0
1.336	1.078088057e-07
1.337333333	1.436016876e-07
1.338666667	1.075939401e-07
1.34	1.433157709e-07
1.341333333	1.43173239e-07
1.342666667	2.145464856e-07
1.344	1.428890242e-07
1.345333333	1.427473395e-07
1.346666667	1.782574193e-07
1.348	1.068486085e-07
1.349333333	1.423239662e-07
1.350666667	1.421833994e-07
1.352	1.065323324e-07
1.353333333	1.419030969e-07
1.354666667	1.772041997e-07
1.356	1.062179232e-07
1.357333333	3.537117736e-08
1.358666667	1.413457946e-07
1.36	1.412071524e-07
1.361333333	1.763359773e-07
1.362666667	3.523267055e-08
1.364	1.055946395e-07
1.365333333	1.406552925e-07
1.366666667	2.459065014e-07
1.368	1.052857327e-07
1.369333333	1.05183165e-07
1.370666667	1.05080797e-07
1.372	2.09957256e-07
1.373333333	1.048766575e-07
1.374666667	1.396998465e-07
1.376	2.093466193e-07
1.377333333	1.394292415e-07
1.378666667	2.089414976e-07
1.38	1.043697621e-07
1.381333333	1.042689704e-07
1.382666667	1.388911644e-07
1.384	6.937864667e-08
1.385333333	1.386236802e-07
1.386666667	2.077354861e-07
1.388	6.917861213e-08
1.389333333	6.911219004e-08
1.390666667	1.380917907e-07
1.392	6.897972777e-08
1.393333333	1.722842171e-07
1.394666667	6.884777229e-08
1.396	1.031729755e-07
1.397333333	2.748652828e-07
1.398666667	1.373015659e-07
1.4	6.85853701e-08
1.401333333	1.027801227e-07
1.402666667	0
1.404	1.367797547e-07
1.405333333	3.416248027e-08
1.406666667	2.389105839e-07
1.408	3.409774795e-08
1.409333333	1.703273685e-07
1.410666667	1.020997815e-07
1.412	3.400110814e-08
1.413333333	1.358760659e-07
1.414666667	1.01810956e-07
1.416	1.017150437e-07
1.417333333	1.354924159e-07
1.418666667	2.030475202e-07
1.42	1.014283879e-07
1.421333333	0
1.422666667	6.749211995e-08
1.424	1.34857791e-07
1.425333333	1.684144734e-07
1.426666667	1.346056025e-07
1.428	6.72399308e-08
1.429333333	3.022972997e-07
1.430666667	1.006718125e-07
1.432	1.341040446e-07
1.433333333	2.009688579e-07
1.434666667	2.342456632e-07
1.436	2.005954833e-07
1.437333333	1.002046579e-07
1.438666667	6.674116451e-08
1.44	3.333966926e-08
1.441333333	1.665440674e-07
1.442666667	1.33112059e-07
1.444	1.662363647e-07
1.445333333	1.660829394e-07
1.446666667	1.327438376e-07
1.448	1.989323241e-07
1.449333333	9.937461471e-08
1.450666667	9.928323576e-08
1.452	9.91920247e-08
1.453333333	0
1.454666667	1.650168407e-07
1.456	3.297313144e-08
1.457333333	9.882885024e-08
1.458666667	1.974769436e-07
1.46	1.315310113e-07
1.461333333	6.570547323e-08
1.462666667	6.564555032e-08
1.464	9.837860491e-08
1.465333333	9.828904769e-08
1.466666667	9.819965338e-08
1.468	3.270347384e-08
1.469333333	2.940640551e-07
1.470666667	1.632207391e-07
1.472	2.609165235e-07
1.473333333	9.77551099e-08
1.474666667	1.627778063e-07
1.476	1.626306957e-07
1.477333333	1.624838508e-07
1.478666667	2.272721793e-07
1.48	1.621909552e-07
1.481333333	6.481796121e-08
1.482666667	9.713946818e-08
1.484	9.705215181e-08
1.485333333	6.464332818e-08
1.486666667	6.458532609e-08
1.488	2.58109712e-07
1.489333333	9.670445041e-08
1.490666667	6.441194266e-08
1.492	9.653153231e-08
1.493333333	1.607421749e-07
1.494666667	1.605987192e-07
1.496	6.418220769e-08
1.497333333	6.412502978e-08
1.498666667	3.203397682e-08
1.5	1.920329371e-07
1.501333333	1.598852642e-07
1.502666667	1.277946665e-07
1.504	2.872829771e-07
1.505333333	1.91352271e-07
1.506666667	2.230466673e-07
1.508	1.273424961e-07
1.509333333	1.27229953e-07
1.510666667	9.533820652e-08
1.512	6.35027313e-08
1.513333333	1.268935142e-07
1.514666667	6.339088148e-08
1.516	1.900053126e-07
1.517333333	0
1.518666667	1.58059609e-07
1.52	6.316835974e-08
1.521333333	1.262259464e-07
1.522666667	1.576442092e-07
1.524	1.890074729e-07
1.525333333	1.258947895e-07
1.526666667	1.572309872e-07
1.528	1.25674982e-07
1.529333333	1.569567072e-07
1.530666667	0
1.532	3.13366765e-08
1.533333333	1.565470768e-07
1.534666667	6.256440324e-08
1.536	6.251007028e-08
1.537333333	0
1.538666667	1.872050609e-07
1.54	2.805643626e-07
1.541333333	9.344051829e-08
1.542666667	1.867194447e-07
1.544	9.327906599e-08
1.545333333	1.553309148e-07
1.546666667	9.311817067e-08
1.548	1.550632183e-07
1.549333333	1.549297157e-07
1.550666667	1.238371543e-07
1.552	1.546633991e-07
1.553333333	1.854367005e-07
1.554666667	9.263879784e-08
1.556	1.234125091e-07
1.557333333	1.233068024e-07
1.558666667	2.156022343e-07
1.56	3.077398287e-08
1.561333333	9.224307466e-08
1.562666667	1.536072256e-07
1.564	1.534762173e-07
1.565333333	1.533454323e-07
1.566666667	9.1928922e-08
1.568	9.18507179e-08
1.569333333	6.118176449e-08
1.570666667	2.445192218e-07
1.572	9.16169019e-08
1.573333333	6.10261517e-08
1.574666667	3.048722826e-08
1.576	1.218456977e-07
1.577333333	2.434853139e-07
1.578666667	9.122984274e-08
1.58	6.076854869e-08
1.581333333	1.214345777e-07
1.582666667	1.516652885e-07
1.584	2.424601126e-07
1.585333333	1.514100672e-07
1.586666667	2.72309001e-07
1.588	1.511557033e-07
1.589333333	1.510288416e-07
1.590666667	2.716239469e-07
1.592	1.50775756e-07
1.593333333	1.205196248e-07
1.594666667	6.020940688e-08
1.596	9.023862841e-08
1.597333333	6.010884837e-08
1.598666667	1.501467374e-07
1.6	6.00086252e-08
1.601333333	1.498965971e-07
1.602666667	1.497718392e-07
1.604	2.992945776e-08
1.605333333	2.990458908e-08
1.606666667	1.493988085e-07
1.608	1.79129853e-07
1.609333333	1.491511519e-07
1.610666667	1.490276313e-07
1.612	5.956172604e-08
1.613333333	1.190249623e-07
1.614666667	1.783899527e-07
1.616	1.188284704e-07
1.617333333	1.484130844e-07
1.618666667	1.779489392e-07
1.62	8.890120946e-08
1.621333333	1.480467831e-07
1.622666667	2.366801346e-07
1.624	1.478035851e-07
1.625333333	8.860937127e-08
1.626666667	1.770734217e-07
1.628	8.846416951e-08
1.629333333	1.767834939e-07
1.630666667	8.831944285e-08
1.632	1.176630093e-07
1.633333333	1.175669186e-07
1.634666667	2.055742234e-07
1.636	2.054066129e-07
1.637333333	1.17279586e-07
1.638666667	2.929603009e-08
1.64	8.781660747e-08
1.641333333	8.774524087e-08
1.642666667	2.337973071e-07
1.644	1.168038068e-07
1.645333333	8.753183534e-08
1.646666667	2.915364355e-08
1.648	1.456502346e-07
1.649333333	1.746389307e-07
1.650666667	2.908296805e-08
1.652	1.452974282e-07
1.653333333	1.451802056e-07
1.654666667	1.740758063e-07
1.656	5.797853075e-08
1.657333333	8.689780192e-08
1.658666667	1.447132005e-07
1.66	1.735163019e-07
1.661333333	2.889616456e-08
1.662666667	5.774596544e-08
1.664	1.730990283e-07
1.665333333	2.882673045e-08
1.666666667	5.760731967e-08
1.668	8.634187836e-08
1.669333333	1.150305169e-07
1.670666667	1.149386761e-07
1.672	1.148469819e-07
1.673333333	2.868885848e-08
1.674666667	1.146640317e-07
1.676	1.718591626e-07
1.677333333	2.575837429e-07
1.678666667	5.719534837e-08
1.68	8.572490583e-08
1.681333333	2.855229906e-08
1.682666667	1.141186618e-07
1.684	1.140282708e-07
1.685333333	1.424225285e-07
1.686666667	1.138479176e-07
1.688	1.706369323e-07
1.689333333	1.136681341e-07
1.690666667	2.271569102e-07
1.692	1.418611469e-07
1.693333333	1.984491617e-07
1.694666667	1.699653977e-07
1.696	8.491586228e-08
1.697333333	1.979813051e-07
1.698666667	1.978258427e-07
1.7	1.411933031e-07
1.701333333	1.128660853e-07
1.702666667	5.638883347e-08
1.704	1.12689387e-07
1.705333333	1.689018676e-07
1.706666667	1.406415512e-07
1.708	1.124253743e-07
1.709333333	1.123376448e-07
1.710666667	1.122500521e-07
1.712	5.608129795e-08
1.713333333	1.681129138e-07
1.714666667	1.399851146e-07
1.716	1.958268253e-07
1.717333333	5.59070648e-08
1.718666667	5.586367553e-08
1.72	8.373053035e-08
1.721333333	3.346625924e-07
1.722666667	1.672017327e-07
1.724	5.569078988e-08
1.725333333	1.391193389e-07
1.726666667	8.340712158e-08
1.728	1.389045657e-07
1.729333333	1.11037942e-07
1.730666667	1.664285455e-07
1.732	8.315018782e-08
1.733333333	2.769540051e-08
1.734666667	2.767410455e-08
1.736	8.295852392e-08
1.737333333	8.289483216e-08
1.738666667	0
1.74	1.931247303e-07
1.741333333	1.102724564e-07
1.742666667	8.26410401e-08
1.744	8.257783471e-08
1.745333333	1.925343605e-07
1.746666667	8.245171354e-08
1.748	1.647775946e-07
1.749333333	8.232597704e-08
1.750666667	1.371054208e-07
1.752	2.740020781e-07
1.753333333	1.642761794e-07
1.754666667	1.367927517e-07
1.756	1.366888453e-07
1.757333333	1.365850966e-07
1.758666667	8.188890321e-08
1.76	1.636536853e-07
1.761333333	8.17648761e-08
1.762666667	1.906403411e-07
1.764	1.088549655e-07
1.765333333	5.438635884e-08
1.766666667	1.086905941e-07
1.768	5.430429719e-08
1.769333333	1.899217571e-07
1.770666667	1.35556207e-07
1.772	1.08363336e-07
1.773333333	5.414091457e-08
1.774666667	8.115033362e-08
1.776	1.621787741e-07
1.777333333	2.43085596e-07
1.778666667	1.079570243e-07
1.78	1.078761273e-07
1.781333333	1.347441893e-07
1.782666667	1.615720447e-07
1.784	5.381708106e-08
1.785333333	5.377687406e-08
1.786666667	8.060509062e-08
1.788	1.0739328e-07
1.789333333	2.682830635e-08
1.790666667	8.042496751e-08
1.792	1.339418421e-07
1.793333333	2.6768444e-08
1.794666667	8.024564763e-08
1.796	1.069147359e-07
1.797333333	1.33544241e-07
1.798666667	1.601342512e-07
1.8	1.333463244e-07
1.801333333	1.065980688e-07
1.802666667	1.065191949e-07
1.804	1.064404376e-07
1.805333333	1.861331442e-07
1.806666667	1.062832719e-07
1.808	7.965364728e-08
1.809333333	1.061265697e-07
1.810666667	1.855846856e-07
1.812	2.649258223e-07
1.813333333	1.058923809e-07
1.814666667	5.290727374e-08
1.816	5.286841419e-08
1.817333333	1.584888351e-07
1.818666667	1.055817322e-07
1.82	1.582565319e-07
1.821333333	5.271354517e-08
1.822666667	7.901245436e-08
1.824	7.89546756e-08
1.825333333	1.577939626e-07
1.826666667	1.576787424e-07
1.828	7.878184523e-08
1.829333333	1.83690274e-07
1.830666667	1.311117412e-07
1.832	7.860976985e-08
1.833333333	2.618419277e-08
1.834666667	2.616515664e-08
1.836	2.614614817e-08
1.837333333	1.306358365e-07
1.838666667	1.305410699e-07
1.84	7.826786436e-08
1.841333333	1.564223381e-07
1.842666667	1.302575931e-07
1.844	1.56196049e-07
1.845333333	1.040554332e-07
1.846666667	7.798520685e-08
1.848	1.298815336e-07
1.849333333	7.787271467e-08
1.850666667	2.075109072e-07
1.852	1.814412753e-07
1.853333333	1.554091672e-07
1.854666667	5.176580074e-08
1.856	1.551857979e-07
1.857333333	1.033829026e-07
1.858666667	1.291358915e-07
1.86	1.032346302e-07
1.861333333	7.737049007e-08
1.862666667	1.030867826e-07
1.864	2.575325436e-08
1.865333333	1.029393578e-07
1.866666667	5.14329017e-08
1.868	1.027923541e-07
1.869333333	2.311177714e-07
1.870666667	7.698432719e-08
1.872	2.564315851e-07
1.873333333	1.537494039e-07
1.874666667	7.682000632e-08
1.876	1.279423141e-07
1.877333333	1.278514137e-07
1.878666667	1.022085139e-07
1.88	1.787379998e-07
1.881333333	2.041271774e-07
1.882666667	7.649346007e-08
1.884	7.643930541e-08
1.885333333	1.782321972e-07
1.886666667	5.088748386e-08
1.888	7.627730052e-08
1.889333333	1.270390856e-07
1.890666667	1.269494637e-07
1.892	7.611598089e-08
1.893333333	1.774788381e-07
1.894666667	5.067254201e-08
1.896	1.265922369e-07
1.897333333	1.012025953e-07
1.898666667	7.584862584e-08
1.9	5.053025337e-08
1.901333333	2.524740299e-08
1.902666667	7.568911243e-08
1.904	7.563609029e-08
1.905333333	1.511662848e-07
1.906666667	5.035351236e-08
1.908	1.006366249e-07
1.909333333	1.759910658e-07
1.910666667	1.2562015e-07
1.912	1.255325182e-07
1.913333333	1.003560069e-07
1.914666667	1.002860967e-07
1.916	1.252703549e-07
1.917333333	1.502198524e-07
1.918666667	2.501923737e-08
1.92	7.500557061e-08
1.921333333	1.249225025e-07
1.922666667	9.986867281e-08
1.924	1.247492997e-07
1.925333333	4.986515132e-08
1.926666667	9.966126123e-08
1.928	1.49388473e-07
1.929333333	1.492851972e-07
1.930666667	9.945470939e-08
1.932	1.739255856e-07
1.933333333	1.489762247e-07
1.934666667	0
1.936	7.438547633e-08
1.937333333	9.911235239e-08
1.938666667	4.952208182e-08
1.94	7.423205149e-08
1.941333333	2.472701681e-08
1.942666667	7.413011939e-08
1.944	4.938617216e-08
1.945333333	1.480569337e-07
1.946666667	4.931849669e-08
1.948	1.724965496e-07
1.949333333	9.85020129e-08
1.950666667	4.921733055e-08
1.952	1.721429523e-07
1.953333333	9.830023342e-08
1.954666667	4.911657859e-08
1.956	1.717908017e-07
1.957333333	1.716737382e-07
1.958666667	1.470487149e-07
1.96	7.347432384e-08
1.961333333	9.789914441e-08
1.962666667	7.337446068e-08
1.964	1.22207718e-07
1.965333333	1.22124781e-07
1.966666667	9.763356517e-08
1.968	1.219592442e-07
1.969333333	1.21876644e-07
1.970666667	9.743532443e-08
1.972	1.947388459e-07
1.973333333	1.946072212e-07
1.974666667	9.72378871e-08
1.976	7.287918926e-08
1.977333333	9.710670614e-08
1.978666667	4.852062415e-08
1.98	1.212198483e-07
1.981333333	1.695935448e-07
1.982666667	1.694794556e-07
1.984	2.177556683e-07
1.985333333	1.450729176e-07
1.986666667	7.248776025e-08
1.988	4.829275137e-08
1.989333333	1.930414909e-07
1.990666667	9.645607494e-08
1.992	1.686851093e-07
1.993333333	1.204087419e-07
1.994666667	2.406564558e-08
1.996	7.214869287e-08
1.997333333	1.201675224e-07
1.998666667	1.921397289e-07
2	2.160130421e-07
2.001333333	1.199272675e-07
2.002666667	9.587791665e-08
2.004	9.581410439e-08
2.005333333	1.196879713e-07
2.006666667	1.435301015e-07
2.008	1.912463525e-07
2.009333333	1.91119405e-07
2.010666667	1.432444695e-07
2.012	9.543300752e-08
2.013333333	9.536978592e-08
2.014666667	2.382666201e-08
2.016	9.524359368e-08
2.017333333	9.518062271e-08
2.018666667	2.615737711e-07
2.02	7.129119768e-08
2.021333333	2.37480521e-08
2.022666667	1.42394354e-07
2.024	7.115025956e-08
2.025333333	7.110340394e-08
2.026666667	4.737107333e-08
2.028	1.420197552e-07
2.029333333	2.365440221e-08
2.030666667	1.418331939e-07
2.032	9.4493398e-08
2.033333333	9.443141479e-08
2.034666667	2.359237821e-08
2.036	1.88615384e-07
2.037333333	1.649304162e-07
2.038666667	7.063821975e-08
2.04	9.412271451e-08
2.041333333	9.40612165e-08
2.042666667	1.644996479e-07
2.044	1.174230765e-07
2.045333333	1.173465046e-07
2.046666667	1.172700325e-07
2.048	2.812647838e-07
2.049333333	7.027043208e-08
2.050666667	1.170412129e-07
2.052	1.16965138e-07
2.053333333	1.402669943e-07
2.054666667	7.008797072e-08
2.056	1.167375056e-07
2.057333333	1.633265548e-07
2.058666667	2.098552359e-07
2.06	9.320860592e-08
2.061333333	2.095836666e-07
2.062666667	1.163600807e-07
2.064	4.651395536e-08
2.065333333	2.324195865e-08
2.066666667	1.16134795e-07
2.068	4.642395738e-08
2.069333333	1.159850885e-07
2.070666667	2.086386838e-07
2.072	1.39002921e-07
2.073333333	1.157612511e-07
2.074666667	4.627473219e-08
2.076	1.156125055e-07
2.077333333	4.621531038e-08
2.078666667	6.927848501e-08
2.08	1.153901025e-07
2.081333333	1.383793898e-07
2.082666667	1.382907703e-07
2.084	1.151685535e-07
2.085333333	1.611328498e-07
2.086666667	6.901279571e-08
2.088	1.60926995e-07
2.089333333	9.189957986e-08
2.090666667	1.836819035e-07
2.092	4.589119919e-08
2.093333333	1.605168593e-07
2.094666667	6.874913651e-08
2.096	9.16071854e-08
2.097333333	1.830978593e-07
2.098666667	1.829814958e-07
2.1	1.600071202e-07
2.101333333	1.370619091e-07
2.102666667	1.598041299e-07
2.104	6.844406902e-08
2.105333333	1.368014177e-07
2.106666667	1.139290059e-07
2.108	1.593996904e-07
2.109333333	9.1027943e-08
2.110666667	9.097042139e-08
2.112	1.136412155e-07
2.113333333	1.13569495e-07
2.114666667	2.042961568e-07
2.116	9.07410601e-08
2.117333333	9.068390038e-08
2.118666667	1.359402189e-07
2.12	1.132122459e-07
2.121333333	4.525642623e-08
2.122666667	9.04559798e-08
2.124	2.711975357e-07
2.125333333	2.032705094e-07
2.126666667	1.354286847e-07
2.128	4.511460102e-08
2.129333333	1.352590277e-07
2.130666667	2.027615378e-07
2.132	1.125748294e-07
2.133333333	4.500177926e-08
2.134666667	0
2.136	1.123639493e-07
2.137333333	8.983506512e-08
2.138666667	1.346685611e-07
2.14	6.729231467e-08
2.141333333	1.793344028e-07
2.142666667	1.120142327e-07
2.144	1.119445504e-07
2.145333333	1.118749548e-07
2.146666667	6.70832674e-08
2.148	6.704161371e-08
2.149333333	1.116666862e-07
2.150666667	1.115974355e-07
2.152	1.115282707e-07
2.153333333	8.916735327e-08
2.154666667	1.11390198e-07
2.156	1.113212897e-07
2.157333333	1.112524667e-07
2.158666667	8.894698292e-08
2.16	0
2.161333333	4.441860285e-08
2.162666667	6.658681399e-08
2.164	6.654577435e-08
2.165333333	1.108413088e-07
2.166666667	1.329276933e-07
2.168	1.549869029e-07
2.169333333	1.770189878e-07
2.170666667	1.105688877e-07
2.172	8.840079328e-08
2.173333333	1.546064503e-07
2.174666667	1.32438539e-07
2.176	8.823824202e-08
2.177333333	8.818419103e-08
2.178666667	8.813020621e-08
2.18	1.100953593e-07
2.181333333	8.802243464e-08
2.182666667	1.319529714e-07
2.184	1.098936579e-07
2.185333333	2.196531765e-08
2.186666667	8.78076803e-08
2.188	1.535697719e-07
2.189333333	1.096258695e-07
2.190666667	1.095591262e-07
2.192	1.751879426e-07
2.193333333	6.565552988e-08
2.194666667	1.968468895e-07
2.196	1.311515565e-07
2.197333333	1.092266251e-07
2.198666667	4.366414675e-08
2.2	4.363767561e-08
2.201333333	1.744449462e-07
2.202666667	6.537724425e-08
2.204	8.711690883e-08
2.205333333	6.529816685e-08
2.206666667	2.392818994e-07
2.208	4.347952034e-08
2.209333333	1.303598176e-07
2.210666667	2.171352818e-07
2.212	1.085021796e-07
2.213333333	6.506207827e-08
2.214666667	1.083714934e-07
2.216	1.083062683e-07
2.217333333	1.731857947e-07
2.218666667	1.730816854e-07
2.22	1.081110633e-07
2.221333333	1.080461512e-07
2.222666667	1.07981317e-07
2.224	1.72666497e-07
2.225333333	6.471112909e-08
2.226666667	1.293447366e-07
2.228	1.077227565e-07
2.229333333	4.306332392e-08
2.230666667	2.151878802e-08
2.232	1.075296473e-07
2.233333333	8.597234509e-08
2.234666667	1.503618089e-07
2.236	6.440233754e-08
2.237333333	1.716371885e-07
2.238666667	1.072093326e-07
2.24	1.928618974e-07
2.241333333	4.283269618e-08
2.242666667	1.070180582e-07
2.244	1.497362322e-07
2.245333333	1.282691047e-07
2.246666667	1.28192958e-07
2.248	8.541126778e-08
2.249333333	1.707212474e-07
2.250666667	2.13275099e-08
2.252	2.557785464e-07
2.253333333	1.491158394e-07
2.254666667	8.515864646e-08
2.256	1.276624521e-07
2.257333333	6.37935119e-08
2.258666667	4.250389485e-08
2.26	8.495762281e-08
2.261333333	1.061343939e-07
2.262666667	1.060718331e-07
2.264	1.06009346e-07
2.265333333	1.059469325e-07
2.266666667	4.235383697e-08
2.268	1.481512559e-07
2.269333333	1.903682378e-07
2.270666667	2.113960233e-08
2.272	6.338157845e-08
2.273333333	6.33443936e-08
2.274666667	1.899217571e-07
2.276	1.054502577e-07
2.277333333	1.475439009e-07
2.278666667	2.317189948e-07
2.28	1.473712844e-07
2.281333333	6.312219754e-08
2.282666667	8.41137551e-08
2.284	1.681292752e-07
2.285333333	8.401557738e-08
2.286666667	1.679331488e-07
2.288	8.391762859e-08
2.289333333	8.386873979e-08
2.290666667	1.257298619e-07
2.292	1.047139161e-07
2.293333333	6.279181093e-08
2.294666667	1.045921911e-07
2.296	6.271886081e-08
2.297333333	2.089414976e-07
2.298666667	6.264608e-08
2.3	1.878292587e-07
2.301333333	1.460047585e-07
2.302666667	1.876116749e-07
2.304	1.250020479e-07
2.305333333	1.041081081e-07
2.306666667	1.456670776e-07
2.308	2.079755733e-08
2.309333333	1.247132762e-07
2.310666667	2.077354861e-08
2.312	6.228469506e-08
2.313333333	6.224878575e-08
2.314666667	6.221291783e-08
2.316	6.217709121e-08
2.317333333	1.449963803e-07
2.318666667	1.65614831e-07
2.32	1.24139717e-07
2.321333333	1.240683929e-07
2.322666667	1.859957259e-07
2.324	8.261732674e-08
2.325333333	8.256994084e-08
2.326666667	8.252260926e-08
2.328	1.030941649e-07
2.329333333	8.24281087e-08
2.330666667	1.029761744e-07
2.332	1.646676487e-07
2.333333333	1.234301445e-07
2.334666667	1.43919572e-07
2.336	1.027410019e-07
2.337333333	1.232188518e-07
2.338666667	1.436733452e-07
2.34	1.641045219e-07
2.341333333	1.025069011e-07
2.342666667	1.229382509e-07
2.344	6.143415015e-08
2.345333333	2.251304536e-07
2.346666667	2.250025022e-07
2.348	1.431020794e-07
2.349333333	1.430208406e-07
2.350666667	1.020997815e-07
2.352	8.163350828e-08
2.353333333	1.427776768e-07
2.354666667	1.019262899e-07
2.356	1.833634626e-07
2.357333333	6.108657363e-08
2.358666667	8.140270956e-08
2.36	1.627134127e-07
2.361333333	6.09830663e-08
2.362666667	0
2.364	2.030475202e-08
2.365333333	1.014665153e-07
2.366666667	1.825368029e-07
2.368	1.418931066e-07
2.369333333	1.418132343e-07
2.370666667	8.099054394e-08
2.372	4.047250263e-08
2.373333333	6.067463832e-08
2.374666667	4.042704068e-08
2.376	6.060652197e-08
2.377333333	1.009542019e-07
2.378666667	1.412566362e-07
2.38	6.050463373e-08
2.381333333	6.047074707e-08
2.382666667	1.208737967e-07
2.384	1.20806175e-07
2.385333333	6.036931445e-08
2.386666667	1.40783018e-07
2.388	1.005031359e-07
2.389333333	1.607152574e-07
2.390666667	8.03127988e-08
2.392	2.207370519e-07
2.393333333	1.002791111e-07
2.394666667	1.20267913e-07
2.396	6.010048366e-08
2.397333333	1.401564455e-07
2.398666667	1.400785158e-07
2.4	1.000004806e-07
2.401333333	1.199339282e-07
2.402666667	2.197568152e-07
2.404	5.990042657e-08
2.405333333	9.977868856e-08
2.406666667	9.972339419e-08
2.408	1.993363221e-08
2.409333333	9.96129891e-08
2.410666667	7.964630254e-08
2.412	5.970169692e-08
2.413333333	1.193374069e-07
2.414666667	9.939291069e-08
2.416	5.960282577e-08
2.417333333	7.942658861e-08
2.418666667	2.381483736e-07
2.42	5.950428156e-08
2.421333333	1.585906823e-07
2.422666667	7.925168833e-08
2.424	1.386141462e-07
2.425333333	5.937339504e-08
2.426666667	5.934076333e-08
2.428	5.930816747e-08
2.429333333	1.383097506e-07
2.430666667	1.184861661e-07
2.432	7.89474592e-08
2.433333333	1.578083769e-07
2.434666667	1.577219303e-07
2.436	1.182266837e-07
2.437333333	1.181619906e-07
2.438666667	5.904868411e-08
2.44	1.377049526e-07
2.441333333	1.572911137e-07
2.442666667	1.768558868e-07
2.444	1.963993068e-07
2.445333333	9.81460948e-08
2.446666667	1.569481514e-07
2.448	9.803915272e-08
2.449333333	9.798576902e-08
2.450666667	9.793244343e-08
2.452	5.872750551e-08
2.453333333	2.347823189e-07
2.454666667	3.910912574e-08
2.456	2.149833845e-07
2.457333333	1.56266694e-07
2.458666667	9.761370481e-08
2.46	1.951215666e-08
2.461333333	1.365110868e-07
2.462666667	1.169461347e-07
2.464	1.168828351e-07
2.465333333	5.840980194e-08
2.466666667	1.362158479e-07
2.468	1.166933465e-07
2.469333333	1.166303202e-07
2.470666667	1.359952555e-07
2.472	5.825223571e-08
2.473333333	1.552555318e-07
2.474666667	9.698241165e-08
2.476	2.326324134e-07
2.477333333	7.75023913e-08
2.478666667	7.746068972e-08
2.48	1.935475825e-07
2.481333333	7.737742104e-08
2.482666667	1.353377442e-07
2.484	7.729433119e-08
2.485333333	1.738189196e-07
2.486666667	1.544228392e-07
2.488	9.646253809e-08
2.489333333	9.641085712e-08
2.490666667	9.635923149e-08
2.492	1.348307256e-07
2.493333333	7.700491674e-08
2.494666667	7.696374865e-08
2.496	1.34614593e-07
2.497333333	1.729834749e-07
2.498666667	1.728911431e-07
2.5	1.151992733e-07
2.501333333	9.594820838e-08
2.502666667	1.53435323e-07
2.504	7.667679992e-08
2.505333333	2.299079455e-07
2.506666667	9.574400894e-08
2.508	1.339703327e-07
2.509333333	9.564223482e-08
2.510666667	5.735485731e-08
2.512	1.910813537e-07
2.513333333	1.718819616e-07
2.514666667	9.543933429e-08
2.516	1.144664923e-07
2.517333333	7.627056522e-08
2.518666667	1.524603567e-07
2.52	1.3333221e-07
2.521333333	9.518691606e-08
2.522666667	1.141639111e-07
2.524	1.331208511e-07
2.525333333	1.52057768e-07
2.526666667	7.598875263e-08
2.528	9.49358295e-08
2.529333333	7.590861685e-08
2.530666667	7.586861231e-08
2.532	1.137429749e-07
2.533333333	5.684154719e-08
2.534666667	9.468606409e-08
2.536	7.570901491e-08
2.537333333	5.675191531e-08
2.538666667	1.512589355e-07
2.54	2.078718312e-07
2.541333333	1.133251313e-07
2.542666667	7.551045993e-08
2.544	1.698094661e-07
2.545333333	1.131469939e-07
2.546666667	1.319356956e-07
2.548	7.535236422e-08
2.549333333	1.506258874e-07
2.550666667	1.129103465e-07
2.552	1.128513393e-07
2.553333333	1.31591126e-07
2.554666667	3.757783656e-08
2.556	5.633734354e-08
2.557333333	5.630796291e-08
2.558666667	7.503815056e-08
2.56	1.87497645e-07
2.561333333	7.496000617e-08
2.562666667	7.492099498e-08
2.564	1.310435426e-07
2.565333333	9.355386785e-08
2.566666667	1.12206307e-07
2.568	9.345669427e-08
2.569333333	7.472654651e-08
2.570666667	1.680475002e-07
2.572	1.492980989e-07
2.573333333	1.492207223e-07
2.574666667	7.457171295e-08
2.576	1.863327619e-07
2.577333333	5.58709024e-08
2.578666667	1.302980143e-07
2.58	7.441751969e-08
2.581333333	5.578430322e-08
2.582666667	9.292582743e-08
2.584	1.30029012e-07
2.585333333	1.113959442e-07
2.586666667	9.278209065e-08
2.588	3.152965423e-07
2.589333333	1.112238155e-07
2.590666667	1.482220765e-07
2.592	1.48145811e-07
2.593333333	2.406131389e-07
2.594666667	1.664927045e-07
2.596	7.395874228e-08
2.597333333	1.848019151e-07
2.598666667	1.662363647e-07
2.6	1.107673956e-07
2.601333333	1.107106064e-07
2.602666667	1.65980813e-07
2.604	1.474629366e-07
2.605333333	1.105405875e-07
2.606666667	1.104840306e-07
2.608	5.521376573e-08
2.609333333	9.197590841e-08
2.610666667	3.67715688e-08
2.612	3.675279343e-08
2.613333333	1.469361489e-07
2.614666667	1.468612006e-07
2.616	1.100897465e-07
2.617333333	7.335576655e-08
2.618666667	1.099776103e-07
2.62	1.83202713e-08
2.621333333	5.493285113e-08
2.622666667	1.098098336e-07
2.624	9.146168478e-08
2.625333333	7.313217772e-08
2.626666667	7.309504537e-08
2.628	1.643803891e-07
2.629333333	1.642970107e-07
2.630666667	9.122984274e-08
2.632	7.294689225e-08
2.633333333	1.275924086e-07
2.634666667	7.287304067e-08
2.636	2.73135641e-07
2.637333333	1.819983462e-07
2.638666667	3.638127163e-08
2.64	2.36358802e-07
2.641333333	1.272058625e-07
2.642666667	1.089785707e-07
2.644	1.996932674e-07
2.645333333	1.270134665e-07
2.646666667	5.440691302e-08
2.648	1.268855254e-07
2.649333333	9.058689394e-08
2.650666667	1.810826313e-07
2.652	1.266940964e-07
2.653333333	9.045029646e-08
2.654666667	5.424291328e-08
2.656	1.084313521e-07
2.657333333	1.445025765e-07
2.658666667	1.444300896e-07
2.66	1.624023849e-07
2.661333333	1.262496671e-07
2.662666667	7.210653236e-08
2.664	1.441408679e-07
2.665333333	3.601718585e-08
2.666666667	1.799958638e-07
2.668	1.07943533e-07
2.669333333	8.99080014e-08
2.670666667	5.391786212e-08
2.672	1.796365009e-08
2.673333333	1.615921959e-07
2.674666667	1.615116214e-07
2.676	1.614311272e-07
2.677333333	1.792785702e-07
2.678666667	1.433514482e-07
2.68	1.074600835e-07
2.681333333	1.253077397e-07
2.682666667	8.946103147e-08
2.684	8.941657879e-08
2.685333333	1.251210384e-07
2.686666667	1.250589281e-07
2.688	8.928348539e-08
2.689333333	7.139136715e-08
2.690666667	1.070339716e-07
2.692	1.069809451e-07
2.693333333	1.247492997e-07
2.694666667	1.781250827e-07
2.696	1.246258772e-07
2.697333333	1.423591514e-07
2.698666667	1.067165989e-07
2.7	1.955504582e-07
2.701333333	3.553707525e-08
2.702666667	1.775976953e-07
2.704	1.420080807e-07
2.705333333	1.24195815e-07
2.706666667	5.320055131e-08
2.708	1.063487012e-07
2.709333333	1.59444527e-07
2.710666667	1.416587374e-07
2.712	7.079453742e-08
2.713333333	1.061396106e-07
2.714666667	1.591311995e-07
2.716	1.237079355e-07
2.717333333	5.299166571e-08
2.718666667	1.765522343e-07
2.72	7.058626715e-08
2.721333333	5.291375589e-08
2.722666667	8.814639472e-08
2.724	1.057238863e-07
2.725333333	2.465683491e-07
2.726666667	1.584306954e-07
2.728	1.05568828e-07
2.729333333	1.05517243e-07
2.730666667	1.230433264e-07
2.732	7.02761493e-08
2.733333333	1.053627898e-07
2.734666667	1.579671088e-07
2.736	7.017338135e-08
2.737333333	5.26043941e-08
2.738666667	1.402100724e-07
2.74	7.007091353e-08
2.741333333	1.050552361e-07
2.742666667	1.225048435e-07
2.744	2.099062336e-07
2.745333333	1.398695087e-07
2.746666667	1.048511958e-07
2.748	1.39733746e-07
2.749333333	1.396659635e-07
2.750666667	1.04698685e-07
2.752	8.720662215e-08
2.753333333	1.394630098e-07
2.754666667	1.219710534e-07
2.756	1.741600434e-07
2.757333333	6.963032254e-08
2.758666667	6.959666031e-08
2.76	8.695378826e-08
2.761333333	1.042941501e-07
2.762666667	6.949586862e-08
2.764	1.215590884e-07
2.765333333	3.47144181e-08
2.766666667	2.255349475e-07
2.768	6.936193296e-08
2.769333333	1.039927945e-07
2.770666667	1.039427378e-07
2.772	2.424163683e-07
2.773333333	2.942211783e-07
2.774666667	2.248845222e-07
2.776	1.03742992e-07
2.777333333	1.901041549e-07
2.778666667	1.5546511e-07
2.78	1.726561428e-07
2.781333333	1.035440124e-07
2.782666667	1.207434511e-07
2.784	1.034448085e-07
2.785333333	1.033952778e-07
2.786666667	8.612149548e-08
2.788	6.88642391e-08
2.789333333	1.204547983e-07
2.790666667	1.719960476e-07
2.792	1.031483343e-07
2.793333333	1.03099087e-07
2.794666667	1.202248679e-07
2.796	1.030007335e-07
2.797333333	5.147581353e-08
2.798666667	1.029025674e-07
2.8	2.057071091e-07
2.801333333	1.542068825e-07
2.802666667	8.562972392e-08
2.804	6.847119707e-08
2.805333333	2.908642455e-07
2.806666667	1.368122517e-07
2.808	5.128022745e-08
2.809333333	1.537676509e-07
2.810666667	1.536946888e-07
2.812	1.19483619e-07
2.813333333	1.876709659e-07
2.814666667	8.526456518e-08
2.816	1.193138578e-07
2.817333333	5.11103048e-08
2.818666667	3.405741468e-08
2.82	1.021239242e-07
2.821333333	1.020756501e-07
2.822666667	5.101371079e-08
2.824	1.019792386e-07
2.825333333	1.698851686e-07
2.826666667	1.528245136e-07
2.828	1.357799499e-07
2.829333333	1.69644935e-07
2.830666667	1.186955056e-07
2.832	6.779406256e-08
2.833333333	1.863459179e-07
2.834666667	1.015954071e-07
2.836	1.523214468e-07
2.837333333	1.522498504e-07
2.838666667	1.014522141e-07
2.84	6.760304853e-08
2.841333333	6.757131746e-08
2.842666667	1.013094242e-07
2.844	6.75079446e-08
2.845333333	5.060722704e-08
2.846666667	1.854728988e-07
2.848	2.022393236e-07
2.849333333	8.422694351e-08
2.850666667	1.010250469e-07
2.852	8.414817153e-08
2.853333333	1.682176815e-07
2.854666667	1.008834561e-07
2.856	3.361211577e-08
2.857333333	1.007892825e-07
2.858666667	1.175326386e-07
2.86	1.678254743e-07
2.861333333	1.006483513e-07
2.862666667	1.509021927e-07
2.864	1.340728213e-07
2.865333333	6.700520915e-08
2.866666667	1.172045642e-07
2.868	6.694289321e-08
2.869333333	6.691177869e-08
2.870666667	1.170412129e-07
2.872	1.671240908e-07
2.873333333	5.011395632e-08
2.874666667	1.00181414e-07
2.876	1.001349584e-07
2.877333333	1.000885459e-07
2.878666667	3.334739214e-08
2.88	9.999584986e-08
2.881333333	4.99747831e-08
2.882666667	9.990332536e-08
2.884	1.997142546e-07
2.885333333	8.317580994e-08
2.886666667	1.496472888e-07
2.888	8.309899091e-08
2.889333333	1.661212692e-07
2.890666667	9.962677637e-08
2.892	1.327744449e-07
2.893333333	1.161240888e-07
2.894666667	1.160705878e-07
2.896	1.16017136e-07
2.897333333	1.987949715e-07
2.898666667	1.324690056e-07
2.9	1.489590971e-07
2.901333333	8.271701439e-08
2.902666667	1.157506137e-07
2.904	1.156974561e-07
2.905333333	9.912372631e-08
2.906666667	8.256520524e-08
2.908	1.980656159e-07
2.909333333	8.248950943e-08
2.910666667	6.596137084e-08
2.912	8.241395228e-08
2.913333333	1.482772061e-07
2.914666667	8.233853343e-08
2.916	4.938052545e-08
2.917333333	1.31621204e-07
2.918666667	8.222566361e-08
2.92	1.972514618e-07
2.921333333	1.478710599e-07
2.922666667	1.478035851e-07
2.924	9.84907812e-08
2.925333333	8.203823333e-08
2.926666667	9.840101972e-08
2.928	1.147489004e-07
2.929333333	4.915571085e-08
2.930666667	8.188890321e-08
2.932	1.309626489e-07
2.933333333	1.636288837e-08
2.934666667	1.30843619e-07
2.936	6.53920926e-08
2.937333333	1.143842046e-07
2.938666667	6.533273966e-08
2.94	1.306062072e-07
2.941333333	1.305469888e-07
2.942666667	1.95731736e-07
2.944	8.151794555e-08
2.945333333	9.777724146e-08
2.946666667	1.140218197e-07
2.948	9.768877529e-08
2.949333333	1.79015104e-07
2.950666667	9.760046905e-08
2.952	0
2.953333333	9.751232232e-08
2.954666667	8.122359053e-08
2.956	1.46136502e-07
2.957333333	8.115033362e-08
2.958666667	1.297820075e-07
2.96	9.729265049e-08
2.961333333	1.296651131e-07
2.962666667	1.296067449e-07
2.964	1.457419827e-07
2.965333333	6.474508291e-08
2.966666667	4.853698309e-08
2.968	1.617172454e-07
2.969333333	1.131512287e-07
2.970666667	6.462881789e-08
2.972	1.453495879e-07
2.973333333	1.77569815e-07
2.974666667	3.227094639e-08
2.976	9.676945453e-08
2.977333333	1.773311994e-07
2.978666667	3.222760059e-08
2.98	1.449593004e-07
2.981333333	6.439753605e-08
2.982666667	8.04609277e-08
2.984	1.769349285e-07
2.985333333	4.823342367e-08
2.986666667	8.035314347e-08
2.988	1.445711032e-07
2.989333333	8.028144761e-08
2.990666667	8.024564763e-08
2.992	1.443777832e-07
2.993333333	1.122438007e-07
2.994666667	1.923322536e-07
2.996	9.612331973e-08
2.997333333	8.006712561e-08
2.998666667	6.402521319e-08
3	1.119943146e-07
3.001333333	6.396831453e-08
3.002666667	1.118948304e-07
3.004	1.278230338e-07
3.005333333	1.437371008e-07
3.006666667	1.117459351e-07
3.008	4.786988202e-08
3.009333333	1.435460034e-07
3.010666667	7.971245396e-08
3.012	1.274834553e-07
3.013333333	4.778513781e-08
3.014666667	1.751346616e-07
3.016	1.591429271e-07
3.017333333	7.953629384e-08
3.018666667	1.272018483e-07
3.02	9.535925713e-08
3.021333333	1.747481362e-07
3.022666667	1.270334806e-07
3.024	3.174436424e-08
3.025333333	1.269214828e-07
3.026666667	1.427237527e-07
3.028	2.060657338e-07
3.029333333	6.337692795e-08
3.030666667	7.918629915e-08
3.032	1.424726442e-07
3.033333333	1.107633373e-07
3.034666667	4.744914036e-08
3.036	4.742829734e-08
3.037333333	9.481494524e-08
3.038666667	7.897777696e-08
3.04	1.5788626e-07
3.041333333	1.735987295e-07
3.042666667	1.10423498e-07
3.044	7.883937122e-08
3.045333333	1.576096911e-07
3.046666667	1.260325602e-07
3.048	1.259774158e-07
3.049333333	1.731431894e-07
3.050666667	1.416006805e-07
3.052	2.044449415e-07
3.053333333	1.100376548e-07
3.054666667	1.571280199e-07
3.056	7.852972499e-08
3.057333333	1.569909399e-07
3.058666667	1.255379916e-07
3.06	1.25483279e-07
3.061333333	1.254286141e-07
3.062666667	1.253739968e-07
3.064	6.265971354e-08
3.065333333	1.096067917e-07
3.066666667	1.408617337e-07
3.068	6.257800124e-08
3.069333333	3.127540557e-08
3.070666667	7.815455584e-08
3.072	9.374475267e-08
3.073333333	1.249387649e-07
3.074666667	1.248845733e-07
3.076	9.362282149e-08
3.077333333	1.24776331e-07
3.078666667	1.091319951e-07
3.08	7.791767257e-08
3.081333333	9.346073914e-08
3.082666667	1.557005103e-07
3.084	7.781659019e-08
3.085333333	6.222636345e-08
3.086666667	7.774934751e-08
3.088	1.088020776e-07
3.089333333	1.242915535e-07
3.090666667	1.242379218e-07
3.092	9.313825222e-08
3.093333333	7.758174814e-08
3.094666667	7.754831494e-08
3.096	4.650894632e-08
3.097333333	1.394667628e-07
3.098666667	6.19585504e-08
3.1	9.289784374e-08
3.101333333	1.083342123e-07
3.102666667	6.187865543e-08
3.104	1.082411217e-07
3.105333333	7.728188311e-08
3.106666667	9.269844936e-08
3.108	1.081017853e-07
3.109333333	1.852378621e-07
3.110666667	1.542987051e-07
3.112	1.542325818e-07
3.113333333	4.624995455e-08
3.114666667	1.232804041e-07
3.116	9.242073091e-08
3.117333333	1.077780581e-07
3.118666667	6.156112544e-08
3.12	1.230696233e-07
3.121333333	1.076399106e-07
3.122666667	1.537056287e-07
3.124	6.145600506e-08
3.125333333	1.075021168e-07
3.126666667	1.228071588e-07
3.128	1.380991501e-07
3.129333333	1.533781077e-07
3.130666667	1.379814938e-07
3.132	1.225979918e-07
3.133333333	7.659113208e-08
3.134666667	6.124683763e-08
3.136	9.183118766e-08
3.137333333	9.179215208e-08
3.138666667	6.116876645e-08
3.14	9.171418041e-08
3.141333333	1.22233659e-07
3.142666667	6.109089406e-08
3.144	1.221299613e-07
3.145333333	1.983770399e-07
3.146666667	1.067731345e-07
3.148	1.677152733e-07
3.149333333	2.438461856e-07
3.150666667	6.093574258e-08
3.152	9.136494088e-08
3.153333333	1.217684008e-07
3.154666667	1.369315395e-07
3.156	1.672900497e-07
3.157333333	1.216141008e-07
3.158666667	9.117206577e-08
3.16	1.215114512e-07
3.161333333	7.591261962e-08
3.162666667	1.517612185e-07
3.164	1.516972517e-07
3.165333333	1.364700049e-07
3.166666667	1.060986358e-07
3.168	1.212045395e-07
3.169333333	1.514419228e-07
3.170666667	4.541346746e-08
3.172	9.078874828e-08
3.173333333	1.815011875e-07
3.174666667	1.209499616e-07
3.176	1.057867776e-07
3.177333333	1.510605371e-07
3.178666667	1.056980116e-07
3.18	1.056536845e-07
3.181333333	1.6595762e-07
3.182666667	1.206458763e-07
3.184	6.029767198e-08
3.185333333	3.013621349e-08
3.186666667	1.204944062e-07
3.188	7.527750044e-08
3.189333333	1.504920467e-07
3.190666667	1.203433161e-07
3.192	6.014651842e-08
3.193333333	1.352731496e-07
3.194666667	2.253611331e-07
3.196	1.351602573e-07
3.197333333	1.200923394e-07
3.198666667	9.003170222e-08
3.2	5.99961208e-08
3.201333333	8.995669143e-08
3.202666667	1.198923105e-07
3.204	1.348227083e-07
3.205333333	1.197925457e-07
3.206666667	1.047748849e-07
3.208	1.047313285e-07
3.209333333	1.645094131e-07
3.210666667	1.345427027e-07
3.212	7.471491169e-08
3.213333333	1.045574645e-07
3.214666667	1.791670091e-07
3.216	1.641683195e-07
3.217333333	1.641002705e-07
3.218666667	1.192962021e-07
3.22	1.341526431e-07
3.221333333	1.340971048e-07
3.222666667	8.936107501e-08
3.224	1.042114626e-07
3.225333333	8.928717708e-08
3.226666667	1.190003652e-07
3.228	1.189512017e-07
3.229333333	8.917655906e-08
3.230666667	2.228493682e-07
3.232	1.485049431e-07
3.233333333	1.187549531e-07
3.234666667	4.451474702e-08
3.236	1.483213392e-07
3.237333333	1.18608191e-07
3.238666667	8.891951319e-08
3.24	1.18510551e-07
3.241333333	8.884634346e-08
3.242666667	1.480163396e-07
3.244	8.877329405e-08
3.245333333	1.478946906e-07
3.246666667	1.626173352e-07
3.248	1.03441269e-07
3.249333333	1.624838508e-07
3.250666667	1.181215933e-07
3.252	7.379572065e-08
3.253333333	1.180247525e-07
3.254666667	1.622175384e-07
3.256	4.422302637e-08
3.257333333	1.620847093e-07
3.258666667	1.325604897e-07
3.26	1.177833437e-07
3.261333333	7.358448776e-08
3.262666667	7.35544103e-08
3.264	5.881948594e-08
3.265333333	8.819319492e-08
3.266666667	8.815719035e-08
3.268	1.615555611e-07
3.269333333	1.32127904e-07
3.270666667	1.614238135e-07
3.272	8.801346557e-08
3.273333333	1.173034768e-07
3.274666667	1.025987419e-07
3.276	1.758119583e-07
3.277333333	4.393510433e-08
3.278666667	1.024735451e-07
3.28	1.024318808e-07
3.281333333	1.170174289e-07
3.282666667	1.169698898e-07
3.284	1.461529866e-07
3.285333333	7.304682964e-08
3.286666667	1.4603438e-07
3.288	4.379254467e-08
3.289333333	2.042823521e-07
3.290666667	1.020997815e-07
3.292	1.895370664e-07
3.293333333	1.45738704e-07
3.294666667	1.748156549e-07
3.296	1.01934538e-07
3.297333333	1.16449498e-07
3.298666667	1.164024191e-07
3.3	1.599886452e-07
3.301333333	8.723128167e-08
3.302666667	1.307940871e-07
3.304	8.716086288e-08
3.305333333	1.161675948e-07
3.306666667	8.709055768e-08
3.308	1.305831714e-07
3.309333333	1.160271544e-07
3.310666667	1.159804164e-07
3.312	1.304254305e-07
3.313333333	1.593446982e-07
3.314666667	1.303204815e-07
3.316	8.684538016e-08
3.317333333	1.012788787e-07
3.318666667	7.231298566e-08
3.32	1.156543015e-07
3.321333333	1.589608121e-07
3.322666667	4.333554842e-08
3.324	4.331816204e-08
3.325333333	4.330078961e-08
3.326666667	8.656686221e-08
3.328	8.653217302e-08
3.329333333	1.297462674e-07
3.330666667	4.323143899e-08
3.332	1.296424081e-07
3.333333333	7.199474487e-08
3.334666667	1.007523338e-07
3.336	7.193718361e-08
3.337333333	1.006718125e-07
3.338666667	2.443910287e-07
3.34	1.149616226e-07
3.341333333	1.292802062e-07
3.342666667	8.615241882e-08
3.344	1.578831117e-07
3.345333333	1.291255956e-07
3.346666667	1.290741409e-07
3.348	1.146868686e-07
3.349333333	1.289713544e-07
3.350666667	1.575689165e-07
3.352	5.727499178e-08
3.353333333	1.431305347e-07
3.354666667	5.722945412e-08
3.356	7.150839055e-08
3.357333333	1.000719804e-07
3.358666667	1.429032081e-07
3.36	1.428464892e-07
3.361333333	8.567388922e-08
3.362666667	9.991323051e-08
3.364	2.282825639e-07
3.365333333	1.140960506e-07
3.366666667	5.702542755e-08
3.368	1.995099669e-07
3.369333333	9.971549999e-08
3.370666667	8.543661237e-08
3.372	1.138704306e-07
3.373333333	1.138254136e-07
3.374666667	1.564480943e-07
3.376	9.951855056e-08
3.377333333	8.526793199e-08
3.378666667	1.420571264e-07
3.38	1.42001077e-07
3.381333333	1.56139579e-07
3.382666667	5.675564433e-08
3.384	8.509991636e-08
3.385333333	1.27599589e-07
3.386666667	8.503289536e-08
3.388	7.083285369e-08
3.389333333	1.416099664e-07
3.390666667	9.908798849e-08
3.392	1.273487543e-07
3.393333333	1.131544051e-07
3.394666667	1.413874404e-07
3.396	7.066595909e-08
3.397333333	1.271487955e-07
3.398666667	9.885470305e-08
3.4	1.270490514e-07
3.401333333	1.128882116e-07
3.402666667	1.269494637e-07
3.404	8.459981891e-08
3.405333333	7.047223999e-08
3.406666667	9.86225135e-08
3.408	1.267507559e-07
3.409333333	9.854535918e-08
3.410666667	1.40724039e-07
3.412	1.125352291e-07
3.413333333	9.842985377e-08
3.414666667	9.839141212e-08
3.416	8.430257184e-08
3.417333333	7.022472773e-08
3.418666667	1.684736008e-07
3.42	1.824418984e-07
3.421333333	9.819965338e-08
3.422666667	1.682766708e-07
3.424	4.205278243e-08
3.425333333	7.00606832e-08
3.426666667	5.602673355e-08
3.428	7.000617188e-08
3.429333333	1.679494752e-07
3.430666667	6.995174531e-08
3.432	6.992456375e-08
3.433333333	2.656101326e-07
3.434666667	1.257664751e-07
3.436	2.234980661e-07
3.437333333	1.396320968e-07
3.438666667	1.395779444e-07
3.44	1.674286007e-07
3.441333333	1.394697654e-07
3.442666667	1.394157388e-07
3.444	1.532979294e-07
3.445333333	8.358468658e-08
3.446666667	6.962695485e-08
3.448	1.670400602e-07
3.449333333	9.740236255e-08
3.450666667	5.563698236e-08
3.452	2.085580817e-07
3.453333333	1.806805362e-07
3.454666667	1.806107888e-07
3.456	9.721443594e-08
3.457333333	1.249417769e-07
3.458666667	6.938533442e-08
3.46	1.248454641e-07
3.461333333	1.386637371e-07
3.462666667	8.31661998e-08
3.464	1.66268364e-07
3.465333333	1.523540129e-07
3.466666667	2.215205876e-07
3.468	1.660765528e-07
3.469333333	1.521783212e-07
3.470666667	1.659489243e-07
3.472	8.294259181e-08
3.473333333	1.105476612e-07
3.474666667	1.933841572e-07
3.476	1.104628366e-07
3.477333333	8.281535485e-08
3.478666667	1.241754099e-07
3.48	1.24127824e-07
3.481333333	1.240802745e-07
3.482666667	1.102513436e-07
3.484	1.239852848e-07
3.485333333	1.101669729e-07
3.486666667	9.635923149e-08
3.488	1.376034141e-07
3.489333333	2.888567293e-07
3.490666667	1.37498273e-07
3.492	2.06168644e-07
3.493333333	6.869664623e-08
3.494666667	1.098726898e-07
3.496	8.237308326e-08
3.497333333	9.606528531e-08
3.498666667	8.231028693e-08
3.5	1.097052329e-07
3.501333333	1.096634484e-07
3.502666667	1.507298316e-07
3.504	1.78067459e-07
3.505333333	6.84614285e-08
3.506666667	5.474831407e-08
3.508	0
3.509333333	1.504434363e-07
3.510666667	6.835740354e-08
3.512	1.503291827e-07
3.513333333	1.502721209e-07
3.514666667	1.092473473e-07
3.516	1.77459605e-07
3.517333333	5.458225283e-08
3.518666667	5.456156598e-08
3.52	1.636226844e-07
3.521333333	8.178035894e-08
3.522666667	9.537429897e-08
3.524	4.085923137e-08
3.525333333	6.807295813e-08
3.526666667	8.165666015e-08
3.528	1.360429898e-07
3.529333333	8.159495098e-08
3.530666667	1.631282627e-07
3.532	1.766555592e-07
3.533333333	1.086700825e-07
3.534666667	9.505044736e-08
3.536	1.085881138e-07
3.537333333	1.899575576e-07
3.538666667	1.8988597e-07
3.54	1.084653922e-07
3.541333333	1.6263682e-07
3.542666667	1.219316983e-07
3.544	8.125721083e-08
3.545333333	5.415109718e-08
3.546666667	1.082614716e-07
3.548	1.217483769e-07
3.549333333	1.352251473e-07
3.550666667	4.055230756e-08
3.552	9.458652552e-08
3.553333333	1.350728953e-07
3.554666667	9.451555458e-08
3.556	5.398863373e-08
3.557333333	8.095259148e-08
3.558666667	9.440929763e-08
3.56	5.392796098e-08
3.561333333	1.617233011e-07
3.562666667	9.430327933e-08
3.564	8.080113668e-08
3.565333333	6.730909475e-08
3.566666667	1.480246411e-07
3.568	1.479693151e-07
3.569333333	4.034019013e-08
3.570666667	1.209753713e-07
3.572	2.284237224e-07
3.573333333	1.343167493e-07
3.574666667	2.013999606e-07
3.576	8.052994137e-08
3.577333333	1.341665348e-07
3.578666667	9.388157657e-08
3.58	2.681331567e-08
3.581333333	1.608199872e-07
3.582666667	1.205700937e-07
3.584	1.071335381e-07
3.585333333	6.693355582e-08
3.586666667	2.007260065e-07
3.588	1.605211208e-07
3.589333333	6.685895033e-08
3.590666667	9.356776629e-08
3.592	1.603423336e-07
3.593333333	1.068552176e-07
3.594666667	1.602233632e-07
3.596	1.334699535e-07
3.597333333	5.336818975e-08
3.598666667	5.334841277e-08
3.6	6.666081304e-08
3.601333333	3.998167705e-08
3.602666667	1.465452166e-07
3.604	1.065389024e-07
3.605333333	1.331243683e-07
3.606666667	1.06460116e-07
3.608	5.321038324e-08
3.609333333	1.06381446e-07
3.610666667	7.975661598e-08
3.612	1.727421999e-07
3.613333333	5.313182943e-08
3.614666667	1.062244544e-07
3.616	1.592779183e-07
3.617333333	1.990239979e-07
3.618666667	1.458971449e-07
3.62	1.060679255e-07
3.621333333	1.325360816e-07
3.622666667	1.589847508e-07
3.624	1.191946851e-07
3.625333333	1.191508393e-07
3.626666667	5.293645591e-08
3.628	1.322924939e-07
3.629333333	7.934633025e-08
3.630666667	1.586343712e-07
3.632	9.250273939e-08
3.633333333	1.188884407e-07
3.634666667	6.602489995e-08
3.636	1.188012311e-07
3.637333333	7.917178287e-08
3.638666667	5.276184418e-08
3.64	1.186706564e-07
3.641333333	6.590399737e-08
3.642666667	5.270389597e-08
3.644	1.580538245e-07
3.645333333	1.05330669e-07
3.646666667	1.842612622e-07
3.648	5.262682941e-08
3.649333333	9.206329645e-08
3.650666667	1.051767612e-07
3.652	1.314229431e-07
3.653333333	7.882498185e-08
3.654666667	1.181943283e-07
3.656	9.189538965e-08
3.657333333	1.837237635e-07
3.658666667	7.871005569e-08
3.66	1.04908502e-07
3.661333333	7.865271818e-08
3.662666667	9.172809421e-08
3.664	3.929773208e-08
3.665333333	1.309447807e-07
3.666666667	1.047177246e-07
3.668	1.439345219e-07
3.669333333	7.848120581e-08
3.670666667	1.046035908e-07
3.672	1.176363017e-07
3.673333333	1.306595497e-07
3.674666667	1.697957716e-07
3.676	1.044517989e-07
3.677333333	1.305173997e-07
3.678666667	1.304700851e-08
3.68	9.12959633e-08
3.681333333	1.95563338e-07
3.682666667	7.819700807e-08
3.684	1.693655198e-07
3.685333333	9.116381789e-08
3.686666667	7.811214967e-08
3.688	9.109788853e-08
3.689333333	3.902783983e-08
3.690666667	1.430503713e-07
3.692	9.09991731e-08
3.693333333	1.039615034e-07
3.694666667	1.299049737e-07
3.696	1.168722918e-07
3.697333333	1.168301377e-07
3.698666667	1.038115679e-07
3.7	6.485884477e-08
3.701333333	9.076966699e-08
3.702666667	1.944363747e-07
3.704	6.478879021e-08
3.705333333	1.554371335e-07
3.706666667	1.165359081e-07
3.708	1.164939963e-07
3.709333333	1.293912384e-07
3.710666667	1.940171049e-07
3.712	1.034386146e-07
3.713333333	6.462591661e-08
3.714666667	7.752325894e-08
3.716	1.033272506e-07
3.717333333	5.164509125e-08
3.718666667	1.03253141e-07
3.72	9.031411032e-08
3.721333333	7.738435326e-08
3.722666667	1.547132637e-07
3.724	1.546578605e-07
3.725333333	9.018478995e-08
3.726666667	7.727358661e-08
3.728	2.059891853e-07
3.729333333	1.286972035e-07
3.730666667	7.719071949e-08
3.732	1.157447049e-07
3.733333333	1.928389335e-07
3.734666667	1.670673981e-07
3.736	6.423375506e-08
3.737333333	7.705300188e-08
3.738666667	1.283758622e-07
3.74	1.026640698e-07
3.741333333	8.979904143e-08
3.742666667	7.694318111e-08
3.744	1.153736622e-07
3.745333333	1.794062387e-07
3.746666667	1.02481361e-07
3.748	7.683367293e-08
3.749333333	5.120422972e-08
3.750666667	8.957554159e-08
3.752	1.023356615e-07
3.753333333	1.918111901e-07
3.754666667	1.02262967e-07
3.756	1.277833231e-07
3.757333333	6.386898485e-08
3.758666667	8.938485391e-08
3.76	1.021178875e-07
3.761333333	1.403623126e-07
3.762666667	1.658239406e-07
3.764	1.275116845e-07
3.765333333	1.402131761e-07
3.766666667	1.274213948e-07
3.768	1.273762979e-07
3.769333333	1.145981096e-07
3.770666667	1.145575797e-07
3.772	5.089647935e-08
3.773333333	1.271962289e-07
3.774666667	1.525815494e-07
3.776	1.779489392e-07
3.777333333	7.623690654e-08
3.778666667	1.52420002e-07
3.78	1.396690431e-07
3.781333333	1.90390617e-07
3.782666667	1.015058642e-07
3.784	1.26837614e-07
3.785333333	3.803787877e-08
3.786666667	1.394231036e-07
3.788	1.773851158e-07
3.789333333	1.773226892e-07
3.790666667	1.392759552e-07
3.792	1.645409701e-07
3.793333333	7.591528837e-08
3.794666667	1.264810155e-07
3.796	7.586194898e-08
3.797333333	1.137529611e-07
3.798666667	1.137130267e-07
3.8	1.641945073e-07
3.801333333	1.388850737e-07
3.802666667	8.835041583e-08
3.804	1.640218224e-07
3.805333333	1.639643415e-07
3.806666667	6.304111572e-08
3.808	1.38641885e-07
3.809333333	8.819576781e-08
3.810666667	8.816490314e-08
3.812	1.007246401e-07
3.813333333	1.258617694e-07
3.814666667	1.132359925e-07
3.816	5.030952013e-08
3.817333333	1.634488204e-07
3.818666667	1.005487633e-07
3.82	1.130778693e-07
3.821333333	1.130384075e-07
3.822666667	7.53326488e-08
3.824	1.129595664e-07
3.825333333	7.528012472e-08
3.826666667	1.128808352e-07
3.828	1.128415108e-07
3.829333333	7.52014758e-08
3.830666667	1.75409024e-07
3.832	1.001988459e-07
3.833333333	1.377254836e-07
3.834666667	1.126452988e-07
3.836	1.626533108e-07
3.837333333	1.250744499e-07
3.838666667	8.752169906e-08
3.84	6.249378879e-08
3.841333333	4.997767466e-08
3.842666667	1.124107432e-07
3.844	7.491449706e-08
3.845333333	8.73699361e-08
3.846666667	9.981673902e-08
3.848	9.978214649e-08
3.849333333	9.974757793e-08
3.850666667	1.4956955e-07
3.852	1.245981408e-07
3.853333333	7.473301186e-08
3.854666667	1.120607357e-07
3.856	1.120219805e-07
3.857333333	6.221291783e-08
3.858666667	1.368211172e-07
3.86	9.947188934e-08
3.861333333	7.457815154e-08
3.862666667	1.73955609e-07
3.864	1.366322356e-07
3.865333333	9.933461573e-08
3.866666667	1.489505348e-07
3.868	8.68578558e-08
3.869333333	1.240398861e-07
3.870666667	1.735960108e-07
3.872	1.115590001e-07
3.873333333	2.230411821e-07
3.874666667	9.90952964e-08
3.876	1.733571036e-07
3.877333333	6.189195694e-08
3.878666667	9.899308362e-08
3.88	1.484385893e-07
3.881333333	9.892505882e-08
3.882666667	9.889108147e-08
3.884	9.885712745e-08
3.885333333	1.235289959e-07
3.886666667	9.878928931e-08
3.888	1.357886821e-07
3.889333333	2.468038605e-08
3.890666667	4.934385325e-08
3.892	9.865389196e-08
3.893333333	9.86201006e-08
3.894666667	1.602027901e-07
3.896	9.855258727e-08
3.897333333	1.477782979e-07
3.898666667	1.231064579e-07
3.9	2.092094171e-07
3.901333333	6.151114846e-08
3.902666667	1.598743374e-07
3.904	1.106444258e-07
3.905333333	7.37377626e-08
3.906666667	1.105688877e-07
3.908	1.350936368e-07
3.909333333	1.473246036e-07
3.910666667	8.591004629e-08
3.912	1.96298881e-07
3.913333333	1.471739906e-07
3.914666667	1.348635335e-07
3.916	1.103053147e-07
3.917333333	9.801579019e-08
3.918666667	1.347258474e-07
3.92	1.224363768e-07
3.921333333	9.791579109e-08
3.922666667	1.223531292e-07
3.924	8.561808351e-08
3.925333333	1.100429953e-07
3.926666667	1.222284699e-07
3.928	1.099682759e-07
3.929333333	9.771640377e-08
3.930666667	9.768325147e-08
3.932	9.765012165e-08
3.933333333	8.541488752e-08
3.934666667	1.707718765e-07
3.936	1.097447253e-07
3.937333333	1.584664686e-07
3.938666667	9.748480911e-08
3.94	1.096332905e-07
3.941333333	1.461282611e-07
3.942666667	1.339055987e-07
3.944	1.095220817e-07
3.945333333	1.094850622e-07
3.946666667	9.728717138e-08
3.948	1.337246758e-07
3.949333333	1.458322051e-07
3.950666667	1.336343975e-07
3.952	1.578782684e-07
3.953333333	1.092634699e-07
3.954666667	9.70903334e-08
3.956	1.09189805e-07
3.957333333	1.091530098e-07
3.958666667	8.48681862e-08
3.96	9.695954999e-08
3.961333333	1.090427728e-07
3.962666667	9.689429032e-08
3.964	8.475398174e-08
3.965333333	1.210363981e-07
3.966666667	1.08896136e-07
3.968	8.466852991e-08
3.969333333	1.209144061e-07
3.970666667	1.692233154e-07
3.972	1.208332146e-07
3.973333333	8.45548618e-08
3.974666667	6.037606603e-08
3.976	6.03558158e-08
3.977333333	1.086040425e-07
3.978666667	8.444149849e-08
3.98	1.447083517e-07
3.981333333	1.08494911e-07
3.982666667	9.64076289e-08
3.984	6.02345991e-08
3.985333333	1.806433309e-07
3.986666667	8.427202232e-08
3.988	1.083135117e-07
3.989333333	8.421568134e-08
3.990666667	9.621433039e-08
3.992	1.08204963e-07
3.993333333	1.442251045e-07
3.994666667	6.00737322e-08
3.996	1.56139579e-07
3.997333333	1.320740292e-07
3.998666667	8.401907979e-08
4	1.559834134e-07
