0.01	1
0.011	1
0.012	1
0.013	1
0.014	1
0.015	1
0.016	1
0.017	1
0.018	1
0.019	1
0.02	1
0.021	1
0.022	1
0.023	1
0.024	1
0.025	1
0.026	1
0.027	1
0.028	1
0.029	1
0.03	1
0.031	1
0.032	1
0.033	1
0.034	1
0.035	1
0.036	1
0.037	1
0.038	1
0.039	1
0.04	1
0.041	1
0.042	1
0.043	1
0.044	1
0.045	1
0.046	1
0.047	1
0.048	1
0.049	1
0.05	1
0.051	1
0.052	1
0.053	1
0.054	1
0.055	1
0.056	1
0.057	1
0.058	1
0.059	1
0.06	1
0.061	1
0.062	1
0.063	1
0.064	1
0.065	1
0.066	1
0.067	1
0.068	1
0.069	1
0.07	1
0.071	1
0.072	1
0.073	1
0.074	1
0.075	1
0.076	1
0.077	1
0.078	1
0.079	1
0.08	1
0.081	1
0.082	1
0.083	1
0.084	1
0.085	1
0.086	1
0.087	1
0.088	1
0.089	1
0.09	1
0.091	1
0.092	1
0.093	1
0.094	1
0.095	1
0.096	1
0.097	1
0.098	1
0.099	1
0.1	1
0.101	1
0.102	1
0.103	1
0.104	1
0.105	1
0.106	1
0.107	1
0.108	1
0.109	1
0.11	1
0.111	1
0.112	1
0.113	1
0.114	1
0.115	1
0.116	1
0.117	1
0.118	1
0.119	1
0.12	1
0.121	1
0.122	1
0.123	0.9999999999
0.124	0.9999999999
0.125	0.9999999999
0.126	0.9999999999
0.127	0.9999999999
0.128	0.9999999999
0.129	0.9999999998
0.13	0.9999999998
0.131	0.9999999998
0.132	0.9999999997
0.133	0.9999999997
0.134	0.9999999996
0.135	0.9999999996
0.136	0.9999999995
0.137	0.9999999994
0.138	0.9999999993
0.139	0.9999999992
0.14	0.999999999
0.141	0.9999999988
0.142	0.9999999987
0.143	0.9999999985
0.144	0.9999999982
0.145	0.9999999979
0.146	0.9999999976
0.147	0.9999999973
0.148	0.9999999969
0.149	0.9999999964
0.15	0.9999999959
0.151	0.9999999953
0.152	0.9999999946
0.153	0.9999999939
0.154	0.9999999931
0.155	0.9999999921
0.156	0.9999999911
0.157	0.9999999899
0.158	0.9999999887
0.159	0.9999999872
0.16	0.9999999856
0.161	0.9999999838
0.162	0.9999999819
0.163	0.9999999797
0.164	0.9999999773
0.165	0.9999999746
0.166	0.9999999717
0.167	0.9999999684
0.168	0.9999999649
0.169	0.9999999609
0.17	0.9999999566
0.171	0.9999999519
0.172	0.9999999468
0.173	0.9999999411
0.174	0.999999935
0.175	0.9999999282
0.176	0.9999999209
0.177	0.9999999129
0.178	0.9999999042
0.179	0.9999998947
0.18	0.9999998844
0.181	0.9999998733
0.182	0.9999998612
0.183	0.9999998481
0.184	0.999999834
0.185	0.9999998187
0.186	0.9999998022
0.187	0.9999997844
0.188	0.9999997651
0.189	0.9999997445
0.19	0.9999997222
0.191	0.9999996982
0.192	0.9999996725
0.193	0.9999996449
0.194	0.9999996153
0.195	0.9999995835
0.196	0.9999995495
0.197	0.9999995131
0.198	0.9999994742
0.199	0.9999994326
0.2	0.9999993882
0.201	0.9999993408
0.202	0.9999992902
0.203	0.9999992364
0.204	0.999999179
0.205	0.9999991179
0.206	0.999999053
0.207	0.999998984
0.208	0.9999989106
0.209	0.9999988328
0.21	0.9999987502
0.211	0.9999986627
0.212	0.9999985699
0.213	0.9999984717
0.214	0.9999983677
0.215	0.9999982577
0.216	0.9999981415
0.217	0.9999980186
0.218	0.9999978889
0.219	0.999997752
0.22	0.9999976076
0.221	0.9999974553
0.222	0.9999972948
0.223	0.9999971258
0.224	0.9999969479
0.225	0.9999967607
0.226	0.9999965639
0.227	0.9999963569
0.228	0.9999961395
0.229	0.9999959112
0.23	0.9999956715
0.231	0.9999954201
0.232	0.9999951564
0.233	0.99999488
0.234	0.9999945903
0.235	0.999994287
0.236	0.9999939694
0.237	0.9999936371
0.238	0.9999932895
0.239	0.9999929261
0.24	0.9999925463
0.241	0.9999921494
0.242	0.999991735
0.243	0.9999913024
0.244	0.999990851
0.245	0.9999903801
0.246	0.9999898891
0.247	0.9999893773
0.248	0.9999888441
0.249	0.9999882887
0.25	0.9999877104
0.251	0.9999871086
0.252	0.9999864823
0.253	0.999985831
0.254	0.9999851538
0.255	0.9999844499
0.256	0.9999837185
0.257	0.9999829589
0.258	0.99998217
0.259	0.9999813512
0.26	0.9999805015
0.261	0.9999796201
0.262	0.9999787059
0.263	0.9999777582
0.264	0.999976776
0.265	0.9999757583
0.266	0.9999747042
0.267	0.9999736126
0.268	0.9999724826
0.269	0.9999713131
0.27	0.9999701031
0.271	0.9999688516
0.272	0.9999675575
0.273	0.9999662197
0.274	0.9999648371
0.275	0.9999634086
0.276	0.9999619329
0.277	0.9999604091
0.278	0.9999588359
0.279	0.9999572121
0.28	0.9999555366
0.281	0.999953808
0.282	0.9999520252
0.283	0.9999501869
0.284	0.9999482918
0.285	0.9999463387
0.286	0.9999443263
0.287	0.9999422531
0.288	0.999940118
0.289	0.9999379194
0.29	0.9999356561
0.291	0.9999333267
0.292	0.9999309298
0.293	0.9999284639
0.294	0.9999259276
0.295	0.9999233195
0.296	0.999920638
0.297	0.9999178818
0.298	0.9999150493
0.299	0.9999121389
0.3	0.9999091493
0.301	0.9999060787
0.302	0.9999029256
0.303	0.9998996886
0.304	0.9998963659
0.305	0.9998929559
0.306	0.9998894571
0.307	0.9998858678
0.308	0.9998821864
0.309	0.9998784111
0.31	0.9998745402
0.311	0.9998705722
0.312	0.9998665053
0.313	0.9998623376
0.314	0.9998580676
0.315	0.9998536935
0.316	0.9998492134
0.317	0.9998446256
0.318	0.9998399283
0.319	0.9998351196
0.32	0.9998301978
0.321	0.9998251611
0.322	0.9998200074
0.323	0.9998147351
0.324	0.9998093422
0.325	0.9998038269
0.326	0.9997981871
0.327	0.9997924211
0.328	0.9997865268
0.329	0.9997805024
0.33	0.9997743459
0.331	0.9997680553
0.332	0.9997616286
0.333	0.9997550639
0.334	0.9997483592
0.335	0.9997415124
0.336	0.9997345215
0.337	0.9997273846
0.338	0.9997200995
0.339	0.9997126642
0.34	0.9997050766
0.341	0.9996973347
0.342	0.9996894364
0.343	0.9996813796
0.344	0.9996731621
0.345	0.9996647819
0.346	0.999656237
0.347	0.9996475249
0.348	0.9996386438
0.349	0.9996295914
0.35	0.9996203656
0.351	0.9996109642
0.352	0.9996013851
0.353	0.9995916259
0.354	0.9995816846
0.355	0.9995715591
0.356	0.9995612469
0.357	0.999550746
0.358	0.9995400541
0.359	0.999529169
0.36	0.9995180884
0.361	0.9995068102
0.362	0.999495332
0.363	0.9994836517
0.364	0.9994717669
0.365	0.9994596754
0.366	0.9994473749
0.367	0.9994348631
0.368	0.9994221378
0.369	0.9994091967
0.37	0.9993960374
0.371	0.9993826577
0.372	0.9993690553
0.373	0.9993552278
0.374	0.999341173
0.375	0.9993268885
0.376	0.999312372
0.377	0.9992976211
0.378	0.9992826337
0.379	0.9992674072
0.38	0.9992519395
0.381	0.999236228
0.382	0.9992202706
0.383	0.9992040648
0.384	0.9991876083
0.385	0.9991708987
0.386	0.9991539339
0.387	0.9991367111
0.388	0.9991192282
0.389	0.999101483
0.39	0.9990834727
0.391	0.9990651954
0.392	0.9990466484
0.393	0.9990278296
0.394	0.9990087364
0.395	0.9989893665
0.396	0.9989697175
0.397	0.9989497872
0.398	0.998929573
0.399	0.9989090727
0.4	0.9988882837
0.401	0.9988672039
0.402	0.9988458308
0.403	0.998824162
0.404	0.9988021952
0.405	0.998779928
0.406	0.9987573581
0.407	0.9987344828
0.408	0.9987113001
0.409	0.9986878075
0.41	0.9986640027
0.411	0.9986398832
0.412	0.9986154466
0.413	0.9985906908
0.414	0.998565613
0.415	0.9985402113
0.416	0.998514483
0.417	0.9984884259
0.418	0.9984620377
0.419	0.9984353161
0.42	0.9984082584
0.421	0.9983808624
0.422	0.9983531259
0.423	0.9983250466
0.424	0.9982966219
0.425	0.9982678494
0.426	0.9982387271
0.427	0.9982092526
0.428	0.9981794233
0.429	0.9981492372
0.43	0.9981186917
0.431	0.9980877848
0.432	0.9980565138
0.433	0.9980248767
0.434	0.9979928709
0.435	0.9979604943
0.436	0.9979277447
0.437	0.9978946194
0.438	0.9978611166
0.439	0.9978272336
0.44	0.9977929684
0.441	0.9977583185
0.442	0.9977232818
0.443	0.997687856
0.444	0.9976520387
0.445	0.9976158278
0.446	0.9975792209
0.447	0.9975422158
0.448	0.9975048103
0.449	0.9974670023
0.45	0.9974287891
0.451	0.9973901689
0.452	0.9973511394
0.453	0.9973116981
0.454	0.9972718433
0.455	0.9972315722
0.456	0.997190883
0.457	0.9971497733
0.458	0.9971082412
0.459	0.9970662841
0.46	0.9970239
0.461	0.9969810868
0.462	0.9969378423
0.463	0.9968941643
0.464	0.9968500507
0.465	0.9968054993
0.466	0.996760508
0.467	0.9967150745
0.468	0.9966691969
0.469	0.9966228729
0.47	0.9965761007
0.471	0.9965288777
0.472	0.996481202
0.473	0.9964330716
0.474	0.9963844845
0.475	0.9963354384
0.476	0.9962859311
0.477	0.996235961
0.478	0.9961855255
0.479	0.9961346229
0.48	0.9960832514
0.481	0.996031408
0.482	0.9959790917
0.483	0.9959262998
0.484	0.9958730309
0.485	0.9958192822
0.486	0.9957650523
0.487	0.9957103391
0.488	0.9956551403
0.489	0.9955994543
0.49	0.9955432788
0.491	0.9954866123
0.492	0.9954294522
0.493	0.9953717973
0.494	0.9953136449
0.495	0.9952549935
0.496	0.995195841
0.497	0.9951361856
0.498	0.9950760254
0.499	0.9950153585
0.5	0.9949541829
0.501	0.9948924968
0.502	0.9948302982
0.503	0.9947675849
0.504	0.994704356
0.505	0.9946406086
0.506	0.9945763419
0.507	0.9945115528
0.508	0.9944462405
0.509	0.9943804028
0.51	0.9943140378
0.511	0.994247144
0.512	0.9941797192
0.513	0.9941117616
0.514	0.9940432699
0.515	0.9939742418
0.516	0.9939046759
0.517	0.9938345703
0.518	0.9937639233
0.519	0.9936927329
0.52	0.9936209979
0.521	0.993548716
0.522	0.9934758858
0.523	0.9934025052
0.524	0.993328573
0.525	0.9932540873
0.526	0.9931790466
0.527	0.9931034488
0.528	0.9930272927
0.529	0.9929505761
0.53	0.992873298
0.531	0.9927954561
0.532	0.9927170492
0.533	0.9926380761
0.534	0.9925585341
0.535	0.9924784217
0.536	0.9923977385
0.537	0.9923164817
0.538	0.9922346501
0.539	0.9921522424
0.54	0.9920692568
0.541	0.991985692
0.542	0.9919015459
0.543	0.9918168167
0.544	0.9917315044
0.545	0.9916456055
0.546	0.99155912
0.547	0.9914720459
0.548	0.9913843816
0.549	0.9912961262
0.55	0.9912072766
0.551	0.9911178333
0.552	0.9910277936
0.553	0.9909371563
0.554	0.9908459205
0.555	0.9907540836
0.556	0.9906616451
0.557	0.9905686035
0.558	0.9904749573
0.559	0.990380705
0.56	0.9902858453
0.561	0.9901903765
0.562	0.9900942974
0.563	0.9899976067
0.564	0.9899003035
0.565	0.9898023854
0.566	0.9897038523
0.567	0.9896047012
0.568	0.989504932
0.569	0.9894045434
0.57	0.9893035338
0.571	0.9892019019
0.572	0.9890996465
0.573	0.9889967659
0.574	0.9888932592
0.575	0.988789125
0.576	0.9886843621
0.577	0.9885789696
0.578	0.9884729457
0.579	0.9883662893
0.58	0.9882589991
0.581	0.988151074
0.582	0.988042513
0.583	0.987933315
0.584	0.9878234776
0.585	0.9877130015
0.586	0.987601884
0.587	0.987490124
0.588	0.9873777212
0.589	0.9872646741
0.59	0.9871509815
0.591	0.9870366425
0.592	0.9869216548
0.593	0.986806019
0.594	0.9866897327
0.595	0.9865727951
0.596	0.9864552056
0.597	0.9863369628
0.598	0.9862180655
0.599	0.9860985129
0.6	0.9859783031
0.601	0.9858574366
0.602	0.9857359106
0.603	0.9856137259
0.604	0.9854908797
0.605	0.9853673713
0.606	0.9852432005
0.607	0.9851183662
0.608	0.9849928671
0.609	0.984866702
0.61	0.9847398697
0.611	0.9846123707
0.612	0.984484202
0.613	0.9843553639
0.614	0.9842258552
0.615	0.9840956752
0.616	0.9839648225
0.617	0.9838332954
0.618	0.9837010946
0.619	0.9835682189
0.62	0.9834346663
0.621	0.9833004371
0.622	0.9831655298
0.623	0.9830299432
0.624	0.982893677
0.625	0.9827567308
0.626	0.9826191024
0.627	0.9824807914
0.628	0.9823417976
0.629	0.9822021198
0.63	0.982061757
0.631	0.9819207087
0.632	0.9817789738
0.633	0.9816365519
0.634	0.9814934414
0.635	0.9813496416
0.636	0.9812051525
0.637	0.9810599731
0.638	0.9809141025
0.639	0.9807675397
0.64	0.9806202843
0.641	0.9804723347
0.642	0.9803236913
0.643	0.9801743531
0.644	0.980024319
0.645	0.9798735888
0.646	0.9797221612
0.647	0.9795700358
0.648	0.9794172111
0.649	0.9792636877
0.65	0.9791094644
0.651	0.9789545406
0.652	0.9787989156
0.653	0.9786425892
0.654	0.9784855587
0.655	0.9783278268
0.656	0.97816939
0.657	0.9780102484
0.658	0.9778504015
0.659	0.9776898501
0.66	0.9775285916
0.661	0.9773666262
0.662	0.9772039528
0.663	0.9770405719
0.664	0.9768764817
0.665	0.9767116837
0.666	0.9765461739
0.667	0.9763799545
0.668	0.9762130249
0.669	0.9760453823
0.67	0.9758770292
0.671	0.9757079616
0.672	0.9755381826
0.673	0.9753676887
0.674	0.9751964813
0.675	0.97502456
0.676	0.974851923
0.677	0.9746785693
0.678	0.9745045001
0.679	0.974329715
0.68	0.9741542118
0.681	0.9739779918
0.682	0.9738010544
0.683	0.9736233969
0.684	0.9734450212
0.685	0.9732659264
0.686	0.9730861118
0.687	0.9729055768
0.688	0.9727243219
0.689	0.9725423451
0.69	0.9723596476
0.691	0.9721762273
0.692	0.9719920856
0.693	0.9718072215
0.694	0.9716216335
0.695	0.9714353231
0.696	0.9712482889
0.697	0.9710605308
0.698	0.9708720476
0.699	0.9706828393
0.7	0.9704929066
0.701	0.9703022491
0.702	0.9701108644
0.703	0.9699187547
0.704	0.9697259181
0.705	0.9695323555
0.706	0.9693380657
0.707	0.9691430482
0.708	0.9689473041
0.709	0.9687508309
0.71	0.9685536306
0.711	0.9683557011
0.712	0.9681570434
0.713	0.9679576565
0.714	0.9677575407
0.715	0.9675566959
0.716	0.9673551202
0.717	0.9671528155
0.718	0.9669497808
0.719	0.966746016
0.72	0.9665415211
0.721	0.9663362948
0.722	0.9661303371
0.723	0.9659236491
0.724	0.9657162298
0.725	0.9655080786
0.726	0.9652991963
0.727	0.9650895811
0.728	0.9648792357
0.729	0.9646681566
0.73	0.9644563453
0.731	0.9642438021
0.732	0.9640305266
0.733	0.963816518
0.734	0.9636017767
0.735	0.9633863034
0.736	0.9631700951
0.737	0.9629531552
0.738	0.9627354812
0.739	0.9625170741
0.74	0.9622979339
0.741	0.9620780605
0.742	0.9618574529
0.743	0.9616361117
0.744	0.9614140371
0.745	0.9611912276
0.746	0.960967685
0.747	0.9607434094
0.748	0.9605183978
0.749	0.9602926533
0.75	0.9600661751
0.751	0.9598389625
0.752	0.959611017
0.753	0.9593823352
0.754	0.9591529214
0.755	0.9589227731
0.756	0.9586918889
0.757	0.9584602725
0.758	0.9582279212
0.759	0.957994837
0.76	0.9577610174
0.761	0.9575264648
0.762	0.9572911778
0.763	0.9570551573
0.764	0.9568184021
0.765	0.9565809138
0.766	0.9563426916
0.767	0.9561037359
0.768	0.9558640466
0.769	0.9556236239
0.77	0.9553824678
0.771	0.9551405781
0.772	0.9548979561
0.773	0.9546545992
0.774	0.9544105101
0.775	0.954165689
0.776	0.9539201346
0.777	0.9536738476
0.778	0.9534268274
0.779	0.9531790738
0.78	0.9529305895
0.781	0.9526813731
0.782	0.9524314235
0.783	0.9521807441
0.784	0.9519293308
0.785	0.9516771869
0.786	0.9514243118
0.787	0.9511707064
0.788	0.9509163685
0.789	0.9506613001
0.79	0.9504055018
0.791	0.9501489731
0.792	0.9498917133
0.793	0.9496337246
0.794	0.9493750047
0.795	0.9491155564
0.796	0.9488553787
0.797	0.9485944715
0.798	0.9483328361
0.799	0.9480704713
0.8	0.9478073781
0.801	0.9475435569
0.802	0.9472790078
0.803	0.9470137314
0.804	0.9467477289
0.805	0.9464809964
0.806	0.9462135388
0.807	0.9459453562
0.808	0.9456764442
0.809	0.9454068093
0.81	0.945136446
0.811	0.9448653587
0.812	0.9445935477
0.813	0.9443210096
0.814	0.9440477482
0.815	0.9437737636
0.816	0.9434990546
0.817	0.9432236224
0.818	0.9429474658
0.819	0.9426705877
0.82	0.9423929878
0.821	0.9421146645
0.822	0.9418356204
0.823	0.9415558548
0.824	0.9412753688
0.825	0.940994162
0.826	0.9407122346
0.827	0.9404295893
0.828	0.9401462218
0.829	0.9398621383
0.83	0.9395773335
0.831	0.9392918113
0.832	0.9390055722
0.833	0.9387186149
0.834	0.9384309419
0.835	0.9381425517
0.836	0.9378534459
0.837	0.9375636228
0.838	0.9372730875
0.839	0.9369818343
0.84	0.9366898687
0.841	0.9363971893
0.842	0.9361037957
0.843	0.9358096903
0.844	0.9355148707
0.845	0.9352193404
0.846	0.9349230983
0.847	0.9346261456
0.848	0.9343284822
0.849	0.9340301091
0.85	0.9337310271
0.851	0.9334312344
0.852	0.933130735
0.853	0.9328295261
0.854	0.9325276108
0.855	0.9322249885
0.856	0.9319216601
0.857	0.9316176258
0.858	0.9313128849
0.859	0.9310074403
0.86	0.9307012928
0.861	0.9303944392
0.862	0.9300868838
0.863	0.929778627
0.864	0.929469665
0.865	0.9291600036
0.866	0.9288496426
0.867	0.928538579
0.868	0.9282268169
0.869	0.9279143569
0.87	0.9276011964
0.871	0.9272873396
0.872	0.9269727846
0.873	0.9266575339
0.874	0.9263415883
0.875	0.9260249448
0.876	0.9257076066
0.877	0.9253895758
0.878	0.9250708507
0.879	0.9247514329
0.88	0.9244313231
0.881	0.9241105219
0.882	0.9237890296
0.883	0.9234668476
0.884	0.9231439758
0.885	0.9228204144
0.886	0.9224961672
0.887	0.9221712294
0.888	0.9218456055
0.889	0.9215192968
0.89	0.9211923018
0.891	0.9208646217
0.892	0.920536257
0.893	0.9202072105
0.894	0.9198774816
0.895	0.9195470698
0.896	0.9192159753
0.897	0.9188842032
0.898	0.9185517493
0.899	0.9182186173
0.9	0.9178848057
0.901	0.9175503176
0.902	0.9172151536
0.903	0.9168793135
0.904	0.9165427967
0.905	0.916205607
0.906	0.9158677408
0.907	0.9155292037
0.908	0.9151899951
0.909	0.9148501133
0.91	0.9145095613
0.911	0.9141683411
0.912	0.9138264493
0.913	0.9134838911
0.914	0.9131406653
0.915	0.9127967721
0.916	0.9124522136
0.917	0.9121069903
0.918	0.9117611024
0.919	0.9114145508
0.92	0.9110673367
0.921	0.9107194625
0.922	0.9103709251
0.923	0.910021729
0.924	0.9096718739
0.925	0.909321361
0.926	0.9089701886
0.927	0.9086183614
0.928	0.9082658784
0.929	0.9079127392
0.93	0.9075589483
0.931	0.9072045016
0.932	0.9068494042
0.933	0.906493656
0.934	0.9061372562
0.935	0.9057802092
0.936	0.9054225114
0.937	0.9050641658
0.938	0.9047051725
0.939	0.9043455347
0.94	0.9039852533
0.941	0.9036243254
0.942	0.9032627551
0.943	0.9029005447
0.944	0.9025376899
0.945	0.9021741958
0.946	0.9018100628
0.947	0.9014452913
0.948	0.9010798824
0.949	0.9007138378
0.95	0.900347156
0.951	0.899979842
0.952	0.8996118922
0.953	0.8992433098
0.954	0.8988740986
0.955	0.8985042527
0.956	0.8981337788
0.957	0.8977626765
0.958	0.8973909485
0.959	0.8970185917
0.96	0.8966456077
0.961	0.8962720013
0.962	0.8958977712
0.963	0.8955229169
0.964	0.8951474435
0.965	0.8947713486
0.966	0.894394632
0.967	0.894017301
0.968	0.893639348
0.969	0.893260781
0.97	0.8928815986
0.971	0.8925018024
0.972	0.8921213916
0.973	0.8917403701
0.974	0.8913587358
0.975	0.8909764924
0.976	0.8905936417
0.977	0.8902101799
0.978	0.8898261128
0.979	0.8894414418
0.98	0.8890561627
0.981	0.8886702834
0.982	0.8882837984
0.983	0.8878967137
0.984	0.8875090312
0.985	0.887120745
0.986	0.8867318628
0.987	0.8863423847
0.988	0.8859523104
0.989	0.8855616402
0.99	0.8851703782
0.991	0.8847785224
0.992	0.8843860768
0.993	0.8839930399
0.994	0.8835994158
0.995	0.8832052022
0.996	0.8828104036
0.997	0.8824150169
0.998	0.8820190476
0.999	0.8816224951
1	0.8812253611
1.001	0.8808276466
1.002	0.880429351
1.003	0.8800304779
1.004	0.8796310277
1.005	0.8792310028
1.006	0.8788304009
1.007	0.8784292262
1.008	0.8780274784
1.009	0.877625162
1.01	0.8772222731
1.011	0.8768188153
1.012	0.8764147912
1.013	0.8760101993
1.014	0.8756050438
1.015	0.8751993247
1.016	0.8747930427
1.017	0.8743861972
1.018	0.8739787932
1.019	0.8735708315
1.02	0.8731623098
1.021	0.872753233
1.022	0.872343601
1.023	0.8719334152
1.024	0.8715226767
1.025	0.8711113877
1.026	0.8706995472
1.027	0.8702871596
1.028	0.8698742234
1.029	0.8694607427
1.03	0.8690467155
1.031	0.8686321446
1.032	0.86821703
1.033	0.8678013765
1.034	0.8673851842
1.035	0.8669684508
1.036	0.8665511811
1.037	0.8661333762
1.038	0.865715037
1.039	0.8652961647
1.04	0.8648767605
1.041	0.8644568256
1.042	0.8640363619
1.043	0.8636153727
1.044	0.8631938547
1.045	0.8627718093
1.046	0.8623492437
1.047	0.8619261539
1.048	0.8615025431
1.049	0.8610784136
1.05	0.8606537652
1.051	0.8602286006
1.052	0.8598029195
1.053	0.8593767254
1.054	0.8589500185
1.055	0.8585228003
1.056	0.8580950694
1.057	0.8576668336
1.058	0.857238088
1.059	0.8568088368
1.06	0.8563790803
1.061	0.8559488221
1.062	0.8555180626
1.063	0.8550868039
1.064	0.8546550429
1.065	0.8542227867
1.066	0.8537900345
1.067	0.8533567873
1.068	0.8529230493
1.069	0.8524888156
1.07	0.8520540936
1.071	0.8516188831
1.072	0.8511831851
1.073	0.8507470025
1.074	0.8503103333
1.075	0.8498731804
1.076	0.8494355472
1.077	0.8489974342
1.078	0.8485588437
1.079	0.8481197731
1.08	0.8476802283
1.081	0.8472402101
1.082	0.8467997196
1.083	0.8463587545
1.084	0.8459173208
1.085	0.8454754195
1.086	0.8450330513
1.087	0.8445902195
1.088	0.8441469207
1.089	0.8437031606
1.09	0.8432589404
1.091	0.8428142627
1.092	0.8423691223
1.093	0.8419235306
1.094	0.8414774792
1.095	0.8410309769
1.096	0.8405840247
1.097	0.8401366185
1.098	0.8396887655
1.099	0.8392404667
1.1	0.8387917198
1.101	0.8383425315
1.102	0.8378928964
1.103	0.8374428228
1.104	0.8369923093
1.105	0.836541359
1.106	0.8360899727
1.107	0.8356381485
1.108	0.8351858939
1.109	0.8347332056
1.11	0.834280088
1.111	0.8338265412
1.112	0.8333725667
1.113	0.832918169
1.114	0.8324633449
1.115	0.8320081002
1.116	0.831552433
1.117	0.8310963475
1.118	0.8306398468
1.119	0.8301829267
1.12	0.8297255936
1.121	0.8292678467
1.122	0.8288096894
1.123	0.8283511237
1.124	0.8278921491
1.125	0.8274327674
1.126	0.8269729786
1.127	0.8265127889
1.128	0.8260521984
1.129	0.8255912069
1.13	0.8251298185
1.131	0.8246680315
1.132	0.8242058491
1.133	0.8237432744
1.134	0.8232803074
1.135	0.8228169514
1.136	0.822353206
1.137	0.8218890711
1.138	0.8214245543
1.139	0.8209596528
1.14	0.8204943674
1.141	0.8200287049
1.142	0.8195626606
1.143	0.819096239
1.144	0.8186294431
1.145	0.8181622736
1.146	0.8176947322
1.147	0.8172268197
1.148	0.8167585381
1.149	0.8162898899
1.15	0.8158208757
1.151	0.8153514999
1.152	0.8148817595
1.153	0.8144116579
1.154	0.813941198
1.155	0.8134703814
1.156	0.81299921
1.157	0.8125276843
1.158	0.8120558058
1.159	0.8115835797
1.16	0.8111110013
1.161	0.8106380757
1.162	0.8101648071
1.163	0.8096911928
1.164	0.8092172394
1.165	0.8087429438
1.166	0.8082683078
1.167	0.8077933379
1.168	0.807318032
1.169	0.8068423917
1.17	0.8063664195
1.171	0.8058901183
1.172	0.8054134881
1.173	0.8049365327
1.174	0.8044592517
1.175	0.803981646
1.176	0.8035037195
1.177	0.8030254759
1.178	0.8025469101
1.179	0.8020680307
1.18	0.8015888347
1.181	0.8011093299
1.182	0.8006295086
1.183	0.8001493806
1.184	0.7996689462
1.185	0.7991882024
1.186	0.7987071584
1.187	0.7982258084
1.188	0.7977441588
1.189	0.7972622121
1.19	0.796779968
1.191	0.7962974256
1.192	0.7958145897
1.193	0.7953314644
1.194	0.7948480469
1.195	0.7943643411
1.196	0.7938803486
1.197	0.7933960714
1.198	0.792911511
1.199	0.7924266691
1.2	0.7919415475
1.201	0.7914561483
1.202	0.7909704721
1.203	0.7904845233
1.204	0.7899982988
1.205	0.7895118053
1.206	0.7890250419
1.207	0.7885380114
1.208	0.7880507154
1.209	0.7875631554
1.21	0.787075335
1.211	0.786587251
1.212	0.7860989108
1.213	0.7856103124
1.214	0.7851214601
1.215	0.7846323543
1.216	0.7841429979
1.217	0.7836533916
1.218	0.783163535
1.219	0.7826734333
1.22	0.7821830879
1.221	0.7816924999
1.222	0.7812016713
1.223	0.7807106034
1.224	0.7802192985
1.225	0.7797277607
1.226	0.7792359839
1.227	0.7787439789
1.228	0.7782517421
1.229	0.777759279
1.23	0.7772665883
1.231	0.7767736722
1.232	0.7762805332
1.233	0.7757871738
1.234	0.7752935949
1.235	0.7747998001
1.236	0.7743057866
1.237	0.7738115606
1.238	0.773317122
1.239	0.7728224741
1.24	0.7723276162
1.241	0.7718325521
1.242	0.7713372853
1.243	0.7708418126
1.244	0.7703461374
1.245	0.7698502648
1.246	0.7693541945
1.247	0.7688579262
1.248	0.7683614654
1.249	0.7678648121
1.25	0.7673679671
1.251	0.7668709341
1.252	0.7663737141
1.253	0.7658763107
1.254	0.76537872
1.255	0.7648809497
1.256	0.7643830005
1.257	0.7638848713
1.258	0.7633865676
1.259	0.7628880906
1.26	0.7623894368
1.261	0.7618906173
1.262	0.7613916243
1.263	0.7608924674
1.264	0.760393141
1.265	0.759893653
1.266	0.7593940036
1.267	0.7588941942
1.268	0.7583942265
1.269	0.7578941026
1.27	0.7573938238
1.271	0.7568933922
1.272	0.7563928097
1.273	0.7558920779
1.274	0.7553912003
1.275	0.7548901738
1.276	0.7543890062
1.277	0.7538876944
1.278	0.7533862436
1.279	0.7528846551
1.28	0.75238293
1.281	0.7518810669
1.282	0.7513790751
1.283	0.7508769478
1.284	0.7503746929
1.285	0.7498723105
1.286	0.7493698048
1.287	0.7488671727
1.288	0.7483644151
1.289	0.7478615399
1.29	0.7473585463
1.291	0.7468554355
1.292	0.7463522101
1.293	0.7458488699
1.294	0.7453454205
1.295	0.7448418595
1.296	0.7443381906
1.297	0.7438344158
1.298	0.7433305363
1.299	0.7428265552
1.3	0.742322471
1.301	0.7418182892
1.302	0.7413140101
1.303	0.7408096361
1.304	0.7403051677
1.305	0.739800607
1.306	0.7392959566
1.307	0.7387912178
1.308	0.7382863924
1.309	0.7377814824
1.31	0.737276489
1.311	0.7367714143
1.312	0.7362662607
1.313	0.7357610295
1.314	0.7352557203
1.315	0.7347503383
1.316	0.7342448844
1.317	0.7337393602
1.318	0.7332337644
1.319	0.7327281039
1.32	0.7322223793
1.321	0.7317165864
1.322	0.7312107343
1.323	0.7307048217
1.324	0.7301988511
1.325	0.7296928238
1.326	0.7291867417
1.327	0.728680607
1.328	0.7281744228
1.329	0.7276681851
1.33	0.7271619026
1.331	0.7266555709
1.332	0.7261491971
1.333	0.7256427792
1.334	0.7251363201
1.335	0.7246298229
1.336	0.7241232892
1.337	0.7236167184
1.338	0.723110114
1.339	0.72260348
1.34	0.722096811
1.341	0.7215901153
1.342	0.7210833927
1.343	0.7205766458
1.344	0.7200698742
1.345	0.7195630821
1.346	0.7190562683
1.347	0.7185494348
1.348	0.718042587
1.349	0.7175357235
1.35	0.717028846
1.351	0.7165219597
1.352	0.7160150603
1.353	0.7155081549
1.354	0.7150012414
1.355	0.7144943228
1.356	0.7139874043
1.357	0.7134804811
1.358	0.7129735605
1.359	0.7124666392
1.36	0.7119597244
1.361	0.7114528146
1.362	0.71094591
1.363	0.7104390154
1.364	0.7099321314
1.365	0.7094252596
1.366	0.7089184021
1.367	0.7084115593
1.368	0.7079047354
1.369	0.7073979274
1.37	0.706891143
1.371	0.7063843778
1.372	0.7058776388
1.373	0.7053709253
1.374	0.7048642362
1.375	0.7043575794
1.376	0.70385095
1.377	0.703344354
1.378	0.7028377919
1.379	0.7023312653
1.38	0.7018247757
1.381	0.7013183275
1.382	0.7008119158
1.383	0.7003055458
1.384	0.6997992233
1.385	0.6992929427
1.386	0.698786709
1.387	0.6982805239
1.388	0.6977743916
1.389	0.6972683084
1.39	0.6967622778
1.391	0.6962563037
1.392	0.6957503858
1.393	0.6952445263
1.394	0.6947387274
1.395	0.6942329881
1.396	0.693727313
1.397	0.6932217045
1.398	0.6927161585
1.399	0.6922106802
1.4	0.6917052726
1.401	0.691199936
1.402	0.6906946719
1.403	0.6901894817
1.404	0.6896843684
1.405	0.68917933
1.406	0.6886743732
1.407	0.6881694955
1.408	0.6876646993
1.409	0.6871599857
1.41	0.6866553597
1.411	0.6861508163
1.412	0.6856463633
1.413	0.685142002
1.414	0.6846377286
1.415	0.6841335488
1.416	0.6836294639
1.417	0.6831254776
1.418	0.6826215843
1.419	0.6821177904
1.42	0.6816141005
1.421	0.6811105096
1.422	0.6806070206
1.423	0.6801036388
1.424	0.6796003631
1.425	0.6790971968
1.426	0.6785941381
1.427	0.6780911909
1.428	0.6775883566
1.429	0.6770856353
1.43	0.6765830301
1.431	0.6760805438
1.432	0.6755781738
1.433	0.6750759224
1.434	0.6745737944
1.435	0.6740717887
1.436	0.67356991
1.437	0.6730681531
1.438	0.6725665236
1.439	0.6720650245
1.44	0.6715636576
1.441	0.6710624183
1.442	0.6705613126
1.443	0.6700603425
1.444	0.6695595084
1.445	0.6690588116
1.446	0.6685582559
1.447	0.668057836
1.448	0.66755756
1.449	0.667057427
1.45	0.6665574401
1.451	0.6660575963
1.452	0.6655579009
1.453	0.6650583544
1.454	0.6645589596
1.455	0.6640597155
1.456	0.663560622
1.457	0.6630616865
1.458	0.6625629022
1.459	0.6620642773
1.46	0.6615658117
1.461	0.6610675073
1.462	0.6605693593
1.463	0.6600713783
1.464	0.659573558
1.465	0.6590759051
1.466	0.6585784177
1.467	0.6580810989
1.468	0.6575839495
1.469	0.6570869716
1.47	0.6565901641
1.471	0.6560935321
1.472	0.6555970749
1.473	0.655100791
1.474	0.6546046843
1.475	0.6541087577
1.476	0.6536130111
1.477	0.6531174473
1.478	0.6526220631
1.479	0.6521268643
1.48	0.6516318507
1.481	0.6511370236
1.482	0.650642386
1.483	0.650147936
1.484	0.6496536741
1.485	0.6491596068
1.486	0.6486657306
1.487	0.6481720499
1.488	0.6476785648
1.489	0.6471852747
1.49	0.6466921834
1.491	0.6461992916
1.492	0.6457066008
1.493	0.6452141104
1.494	0.6447218248
1.495	0.6442297416
1.496	0.6437378652
1.497	0.6432461933
1.498	0.6427547306
1.499	0.6422634778
1.5	0.6417724342
1.501	0.6412816019
1.502	0.6407909828
1.503	0.6403005782
1.504	0.6398103902
1.505	0.6393204152
1.506	0.6388306574
1.507	0.6383411211
1.508	0.6378518032
1.509	0.6373627053
1.51	0.6368738307
1.511	0.6363851796
1.512	0.635896753
1.513	0.6354085519
1.514	0.6349205778
1.515	0.6344328323
1.516	0.6339453147
1.517	0.6334580286
1.518	0.6329709739
1.519	0.63248415
1.52	0.6319975609
1.521	0.6315112074
1.522	0.6310250883
1.523	0.6305392083
1.524	0.6300535639
1.525	0.6295681618
1.526	0.6290829988
1.527	0.628598074
1.528	0.6281133944
1.529	0.6276289589
1.53	0.6271447678
1.531	0.6266608228
1.532	0.626177123
1.533	0.6256936738
1.534	0.6252104728
1.535	0.6247275192
1.536	0.6242448182
1.537	0.6237623698
1.538	0.6232801768
1.539	0.6227982336
1.54	0.622316548
1.541	0.6218351186
1.542	0.6213539467
1.543	0.6208730351
1.544	0.6203923814
1.545	0.6199119859
1.546	0.6194318551
1.547	0.6189519829
1.548	0.6184723764
1.549	0.6179930352
1.55	0.6175139592
1.551	0.6170351476
1.552	0.6165566055
1.553	0.6160783306
1.554	0.6156003254
1.555	0.6151225928
1.556	0.6146451276
1.557	0.6141679366
1.558	0.6136910186
1.559	0.6132143756
1.56	0.6127380062
1.561	0.6122619134
1.562	0.6117860978
1.563	0.6113105624
1.564	0.6108353039
1.565	0.6103603225
1.566	0.6098856259
1.567	0.6094112082
1.568	0.6089370736
1.569	0.608463223
1.57	0.6079896587
1.571	0.6075163759
1.572	0.6070433809
1.573	0.6065706752
1.574	0.6060982542
1.575	0.6056261233
1.576	0.6051542826
1.577	0.60468273
1.578	0.6042114725
1.579	0.6037405042
1.58	0.6032698295
1.581	0.6027994505
1.582	0.6023293666
1.583	0.6018595762
1.584	0.6013900821
1.585	0.6009208888
1.586	0.6004519893
1.587	0.5999833926
1.588	0.5995150925
1.589	0.5990470947
1.59	0.5985794008
1.591	0.5981120048
1.592	0.5976449135
1.593	0.5971781288
1.594	0.5967116442
1.595	0.5962454695
1.596	0.5957795986
1.597	0.5953140332
1.598	0.5948487775
1.599	0.5943838304
1.6	0.5939191941
1.601	0.5934548661
1.602	0.59299085
1.603	0.5925271434
1.604	0.5920637508
1.605	0.5916006713
1.606	0.5911379057
1.607	0.590675456
1.608	0.5902133191
1.609	0.5897515012
1.61	0.5892899974
1.611	0.5888288117
1.612	0.5883679447
1.613	0.5879073968
1.614	0.5874471685
1.615	0.5869872618
1.616	0.5865276738
1.617	0.5860684093
1.618	0.585609466
1.619	0.5851508472
1.62	0.5846925509
1.621	0.5842345816
1.622	0.5837769359
1.623	0.5833196136
1.624	0.5828626198
1.625	0.5824059535
1.626	0.5819496147
1.627	0.5814936043
1.628	0.5810379232
1.629	0.5805825718
1.63	0.5801275508
1.631	0.579672861
1.632	0.5792185024
1.633	0.5787644766
1.634	0.5783107832
1.635	0.577857425
1.636	0.577404398
1.637	0.5769517093
1.638	0.5764993517
1.639	0.5760473331
1.64	0.5755956497
1.641	0.5751443042
1.642	0.5746932961
1.643	0.5742426269
1.644	0.573792296
1.645	0.5733423029
1.646	0.5728926511
1.647	0.5724433402
1.648	0.5719943697
1.649	0.5715457433
1.65	0.5710974558
1.651	0.5706495131
1.652	0.5702019122
1.653	0.5697546585
1.654	0.5693077446
1.655	0.5688611779
1.656	0.5684149567
1.657	0.5679690815
1.658	0.5675235534
1.659	0.5670783723
1.66	0.5666335374
1.661	0.5661890516
1.662	0.5657449152
1.663	0.5653011246
1.664	0.5648576872
1.665	0.5644145966
1.666	0.5639718581
1.667	0.5635294707
1.668	0.5630874354
1.669	0.5626457507
1.67	0.5622044201
1.671	0.5617634404
1.672	0.561322815
1.673	0.5608825434
1.674	0.5604426279
1.675	0.5600030641
1.676	0.5595638561
1.677	0.559125005
1.678	0.5586865085
1.679	0.5582483715
1.68	0.5578105877
1.681	0.5573731618
1.682	0.5569360945
1.683	0.5564993861
1.684	0.5560630349
1.685	0.5556270434
1.686	0.5551914119
1.687	0.5547561397
1.688	0.554321227
1.689	0.5538866756
1.69	0.5534524856
1.691	0.5530186566
1.692	0.5525851893
1.693	0.5521520835
1.694	0.5517193409
1.695	0.5512869614
1.696	0.5508549467
1.697	0.550423292
1.698	0.5499920055
1.699	0.5495610803
1.7	0.5491305192
1.701	0.5487003245
1.702	0.5482704953
1.703	0.5478410319
1.704	0.5474119345
1.705	0.5469832057
1.706	0.5465548408
1.707	0.5461268423
1.708	0.5456992138
1.709	0.5452719521
1.71	0.5448450569
1.711	0.5444185333
1.712	0.543992376
1.713	0.5435665884
1.714	0.5431411682
1.715	0.5427161192
1.716	0.5422914405
1.717	0.5418671314
1.718	0.5414431933
1.719	0.5410196252
1.72	0.5405964285
1.721	0.5401736032
1.722	0.5397511496
1.723	0.5393290674
1.724	0.5389073593
1.725	0.5384860202
1.726	0.5380650555
1.727	0.5376444646
1.728	0.5372242449
1.729	0.5368043996
1.73	0.536384928
1.731	0.5359658303
1.732	0.5355471076
1.733	0.5351287574
1.734	0.5347107828
1.735	0.5342931834
1.736	0.5338759603
1.737	0.5334591105
1.738	0.5330426361
1.739	0.5326265367
1.74	0.5322108145
1.741	0.5317954684
1.742	0.5313804987
1.743	0.5309659054
1.744	0.5305516889
1.745	0.5301378494
1.746	0.529724387
1.747	0.5293113027
1.748	0.5288985945
1.749	0.5284862648
1.75	0.5280743143
1.751	0.5276627395
1.752	0.5272515434
1.753	0.5268407278
1.754	0.5264302889
1.755	0.5260202277
1.756	0.5256105467
1.757	0.5252012448
1.758	0.5247923221
1.759	0.5243837787
1.76	0.523975615
1.761	0.5235678308
1.762	0.5231604271
1.763	0.522753402
1.764	0.5223467585
1.765	0.5219404936
1.766	0.5215346101
1.767	0.5211291066
1.768	0.5207239847
1.769	0.5203192432
1.77	0.5199148808
1.771	0.519510902
1.772	0.5191073016
1.773	0.5187040837
1.774	0.5183012476
1.775	0.5178987918
1.776	0.5174967185
1.777	0.5170950269
1.778	0.5166937159
1.779	0.5162927867
1.78	0.5158922398
1.781	0.5154920758
1.782	0.515092293
1.783	0.514692893
1.784	0.5142938732
1.785	0.5138952377
1.786	0.5134969826
1.787	0.5130991117
1.788	0.512701622
1.789	0.5123045155
1.79	0.5119077923
1.791	0.5115114505
1.792	0.5111154918
1.793	0.5107199164
1.794	0.5103247245
1.795	0.5099299131
1.796	0.5095354874
1.797	0.5091414421
1.798	0.5087477817
1.799	0.5083545024
1.8	0.507961609
1.801	0.5075690957
1.802	0.5071769674
1.803	0.5067852225
1.804	0.5063938601
1.805	0.5060028788
1.806	0.505612283
1.807	0.5052220711
1.808	0.5048322401
1.809	0.5044427954
1.81	0.5040537319
1.811	0.5036650509
1.812	0.5032767547
1.813	0.5028888422
1.814	0.5025013109
1.815	0.5021141642
1.816	0.5017274017
1.817	0.5013410205
1.818	0.5009550249
1.819	0.5005694105
1.82	0.5001841801
1.821	0.4997993337
1.822	0.4994148685
1.823	0.4990307868
1.824	0.4986470889
1.825	0.4982637747
1.826	0.4978808431
1.827	0.4974982938
1.828	0.4971161281
1.829	0.4967343454
1.83	0.4963529462
1.831	0.4959719292
1.832	0.4955912948
1.833	0.4952110434
1.834	0.4948311748
1.835	0.494451689
1.836	0.4940725858
1.837	0.4936938651
1.838	0.493315527
1.839	0.4929375731
1.84	0.4925599997
1.841	0.4921828072
1.842	0.4918059986
1.843	0.4914295726
1.844	0.4910535278
1.845	0.4906778661
1.846	0.4903025853
1.847	0.4899276869
1.848	0.489553171
1.849	0.4891790365
1.85	0.4888052825
1.851	0.4884319108
1.852	0.4880589207
1.853	0.487686312
1.854	0.4873140847
1.855	0.4869422386
1.856	0.4865707746
1.857	0.4861996903
1.858	0.4858289861
1.859	0.4854586637
1.86	0.4850887221
1.861	0.4847191611
1.862	0.4843499805
1.863	0.4839811814
1.864	0.4836127617
1.865	0.4832447207
1.866	0.482877061
1.867	0.4825097816
1.868	0.4821428823
1.869	0.481776361
1.87	0.4814102207
1.871	0.481044459
1.872	0.4806790771
1.873	0.4803140759
1.874	0.4799494505
1.875	0.4795852057
1.876	0.4792213407
1.877	0.4788578522
1.878	0.4784947433
1.879	0.4781320139
1.88	0.4777696604
1.881	0.4774076862
1.882	0.4770460908
1.883	0.476684873
1.884	0.4763240305
1.885	0.4759635671
1.886	0.4756034814
1.887	0.4752437727
1.888	0.474884441
1.889	0.4745254854
1.89	0.4741669071
1.891	0.4738087054
1.892	0.4734508802
1.893	0.473093431
1.894	0.4727363579
1.895	0.4723796618
1.896	0.4720233393
1.897	0.471667395
1.898	0.471311823
1.899	0.4709566277
1.9	0.4706018074
1.901	0.4702473624
1.902	0.4698932913
1.903	0.469539595
1.904	0.4691862732
1.905	0.4688333253
1.906	0.4684807529
1.907	0.4681285526
1.908	0.4677767248
1.909	0.4674252726
1.91	0.4670741932
1.911	0.4667234848
1.912	0.4663731517
1.913	0.4660231892
1.914	0.4656736001
1.915	0.4653243832
1.916	0.4649755383
1.917	0.4646270653
1.918	0.4642789648
1.919	0.4639312338
1.92	0.4635838751
1.921	0.4632368871
1.922	0.4628902701
1.923	0.4625440243
1.924	0.4621981484
1.925	0.4618526416
1.926	0.4615075062
1.927	0.4611627405
1.928	0.4608183434
1.929	0.4604743158
1.93	0.4601306578
1.931	0.4597873674
1.932	0.4594444465
1.933	0.4591018941
1.934	0.4587597099
1.935	0.4584178936
1.936	0.4580764458
1.937	0.4577353641
1.938	0.4573946504
1.939	0.457054304
1.94	0.4567143237
1.941	0.456374712
1.942	0.456035465
1.943	0.4556965828
1.944	0.4553580679
1.945	0.4550199186
1.946	0.4546821353
1.947	0.4543447172
1.948	0.4540076624
1.949	0.4536709743
1.95	0.4533346488
1.951	0.4529986887
1.952	0.4526630921
1.953	0.4523278593
1.954	0.45199299
1.955	0.4516584839
1.956	0.4513243408
1.957	0.4509905604
1.958	0.4506571425
1.959	0.4503240882
1.96	0.4499913931
1.961	0.449659061
1.962	0.4493270904
1.963	0.448995481
1.964	0.4486642325
1.965	0.4483333452
1.966	0.4480028173
1.967	0.4476726513
1.968	0.4473428426
1.969	0.4470133949
1.97	0.4466843065
1.971	0.4463555775
1.972	0.4460272076
1.973	0.4456991948
1.974	0.4453715411
1.975	0.4450442459
1.976	0.4447173077
1.977	0.4443907288
1.978	0.4440645041
1.979	0.4437386389
1.98	0.4434131287
1.981	0.4430879758
1.982	0.4427631789
1.983	0.4424387369
1.984	0.4421146512
1.985	0.4417909208
1.986	0.4414675455
1.987	0.4411445248
1.988	0.4408218586
1.989	0.4404995471
1.99	0.4401775884
1.991	0.4398559838
1.992	0.4395347335
1.993	0.4392138354
1.994	0.4388932892
1.995	0.4385730972
1.996	0.438253255
1.997	0.4379337673
1.998	0.4376146299
1.999	0.4372958424
2	0.4369774074
2.001	0.4366593229
2.002	0.4363415891
2.003	0.4360242055
2.004	0.4357071712
2.005	0.4353904871
2.006	0.4350741516
2.007	0.4347581663
2.008	0.4344425278
2.009	0.4341272397
2.01	0.4338122975
2.011	0.4334977042
2.012	0.4331834589
2.013	0.4328695596
2.014	0.4325560091
2.015	0.4322428035
2.016	0.4319299441
2.017	0.4316174315
2.018	0.431305263
2.019	0.4309934416
2.02	0.4306819641
2.021	0.4303708321
2.022	0.4300600441
2.023	0.4297496007
2.024	0.4294395006
2.025	0.4291297445
2.026	0.4288203312
2.027	0.4285112611
2.028	0.4282025335
2.029	0.4278941482
2.03	0.4275861049
2.031	0.427278404
2.032	0.426971043
2.033	0.4266640243
2.034	0.4263573453
2.035	0.4260510073
2.036	0.4257450091
2.037	0.4254393509
2.038	0.4251340325
2.039	0.4248290526
2.04	0.4245244119
2.041	0.4242201097
2.042	0.4239161457
2.043	0.4236125201
2.044	0.423309231
2.045	0.4230062798
2.046	0.4227036666
2.047	0.422401388
2.048	0.4220994463
2.049	0.4217978417
2.05	0.421496571
2.051	0.4211956366
2.052	0.420895038
2.053	0.4205947729
2.054	0.420294842
2.055	0.4199952457
2.056	0.4196959835
2.057	0.4193970542
2.058	0.4190984577
2.059	0.4188001944
2.06	0.4185022637
2.061	0.4182046656
2.062	0.4179073975
2.063	0.4176104623
2.064	0.4173138574
2.065	0.4170175842
2.066	0.4167216406
2.067	0.4164260277
2.068	0.416130744
2.069	0.4158357908
2.07	0.4155411656
2.071	0.4152468699
2.072	0.4149529023
2.073	0.4146592632
2.074	0.4143659518
2.075	0.414072968
2.076	0.4137803113
2.077	0.4134879825
2.078	0.4131959789
2.079	0.4129043011
2.08	0.4126129498
2.081	0.4123219243
2.082	0.4120312235
2.083	0.4117408484
2.084	0.4114507965
2.085	0.41116107
2.086	0.4108716666
2.087	0.4105825866
2.088	0.4102938301
2.089	0.4100053977
2.09	0.4097172853
2.091	0.4094294963
2.092	0.4091420291
2.093	0.4088548835
2.094	0.4085680596
2.095	0.4082815566
2.096	0.4079953727
2.097	0.4077095098
2.098	0.4074239661
2.099	0.4071387427
2.1	0.4068538378
2.101	0.4065692525
2.102	0.4062849848
2.103	0.4060010364
2.104	0.4057174055
2.105	0.4054340907
2.106	0.4051510938
2.107	0.4048684136
2.108	0.4045860505
2.109	0.4043040026
2.11	0.4040222713
2.111	0.4037408557
2.112	0.4034597533
2.113	0.4031789668
2.114	0.4028984948
2.115	0.4026183367
2.116	0.4023384931
2.117	0.4020589615
2.118	0.4017797436
2.119	0.4015008384
2.12	0.4012222455
2.121	0.4009439652
2.122	0.4006659955
2.123	0.4003883378
2.124	0.4001109908
2.125	0.3998339549
2.126	0.3995572287
2.127	0.3992808128
2.128	0.3990047065
2.129	0.3987289102
2.13	0.3984534213
2.131	0.3981782429
2.132	0.3979033715
2.133	0.3976288072
2.134	0.3973545517
2.135	0.3970806028
2.136	0.3968069618
2.137	0.3965336261
2.138	0.396260597
2.139	0.3959878746
2.14	0.3957154571
2.141	0.395443345
2.142	0.3951715363
2.143	0.3949000334
2.144	0.3946288343
2.145	0.3943579389
2.146	0.394087348
2.147	0.3938170592
2.148	0.3935470725
2.149	0.39327739
2.15	0.3930080087
2.151	0.3927389289
2.152	0.3924701498
2.153	0.3922016723
2.154	0.3919334957
2.155	0.3916656199
2.156	0.3913980434
2.157	0.3911307667
2.158	0.3908637895
2.159	0.3905971115
2.16	0.3903307316
2.161	0.3900646504
2.162	0.3897988675
2.163	0.3895333811
2.164	0.3892681925
2.165	0.389003301
2.166	0.3887387062
2.167	0.388474407
2.168	0.3882104044
2.169	0.3879466971
2.17	0.3876832846
2.171	0.387420167
2.172	0.3871573441
2.173	0.3868948158
2.174	0.3866325811
2.175	0.3863706391
2.176	0.3861089908
2.177	0.3858476353
2.178	0.3855865723
2.179	0.385325802
2.18	0.3850653225
2.181	0.384805135
2.182	0.3845452385
2.183	0.3842856315
2.184	0.384026317
2.185	0.3837672903
2.186	0.3835085553
2.187	0.3832501082
2.188	0.3829919509
2.189	0.3827340816
2.19	0.3824765011
2.191	0.3822192088
2.192	0.3819622034
2.193	0.3817054858
2.194	0.3814490551
2.195	0.381192911
2.196	0.3809370532
2.197	0.380681482
2.198	0.3804261959
2.199	0.3801711946
2.2	0.3799164778
2.201	0.3796620461
2.202	0.3794078988
2.203	0.3791540352
2.204	0.3789004561
2.205	0.3786471589
2.206	0.3783941445
2.207	0.378141413
2.208	0.3778889637
2.209	0.3776367962
2.21	0.3773849108
2.211	0.3771333059
2.212	0.3768819821
2.213	0.3766309378
2.214	0.3763801743
2.215	0.3761296907
2.216	0.375879487
2.217	0.375629562
2.218	0.3753799149
2.219	0.3751305474
2.22	0.3748814575
2.221	0.3746326456
2.222	0.3743841108
2.223	0.374135853
2.224	0.3738878715
2.225	0.3736401669
2.226	0.3733927384
2.227	0.3731455856
2.228	0.3728987086
2.229	0.3726521057
2.23	0.3724057783
2.231	0.3721597246
2.232	0.3719139454
2.233	0.3716684405
2.234	0.3714232071
2.235	0.3711782488
2.236	0.3709335616
2.237	0.3706891474
2.238	0.3704450044
2.239	0.3702011346
2.24	0.3699575345
2.241	0.3697142059
2.242	0.3694711481
2.243	0.369228361
2.244	0.3689858433
2.245	0.3687435961
2.246	0.3685016173
2.247	0.3682599072
2.248	0.3680184667
2.249	0.3677772937
2.25	0.367536389
2.251	0.3672957526
2.252	0.3670553822
2.253	0.3668152794
2.254	0.3665754434
2.255	0.3663358741
2.256	0.3660965703
2.257	0.3658575316
2.258	0.3656187588
2.259	0.3653802502
2.26	0.3651420069
2.261	0.3649040279
2.262	0.3646663128
2.263	0.3644288612
2.264	0.3641916737
2.265	0.3639547486
2.266	0.3637180853
2.267	0.3634816853
2.268	0.363245547
2.269	0.3630096698
2.27	0.3627740547
2.271	0.3625387001
2.272	0.3623036065
2.273	0.362068773
2.274	0.3618341996
2.275	0.3615998859
2.276	0.3613658321
2.277	0.3611320361
2.278	0.3608984995
2.279	0.3606652215
2.28	0.3604322017
2.281	0.3601994381
2.282	0.3599669329
2.283	0.3597346847
2.284	0.3595026932
2.285	0.359270958
2.286	0.359039479
2.287	0.3588082557
2.288	0.3585772877
2.289	0.3583465757
2.29	0.3581161174
2.291	0.3578859132
2.292	0.3576559637
2.293	0.3574262688
2.294	0.3571968257
2.295	0.3569676367
2.296	0.3567387003
2.297	0.3565100162
2.298	0.3562815847
2.299	0.3560534046
2.3	0.3558254762
2.301	0.3555977996
2.302	0.3553703731
2.303	0.3551431973
2.304	0.3549162715
2.305	0.3546895958
2.306	0.3544631697
2.307	0.3542369936
2.308	0.354011065
2.309	0.3537853863
2.31	0.3535599549
2.311	0.3533347719
2.312	0.3531098366
2.313	0.3528851489
2.314	0.3526607077
2.315	0.3524365138
2.316	0.3522125655
2.317	0.3519888637
2.318	0.3517654078
2.319	0.351542197
2.32	0.3513192315
2.321	0.3510965108
2.322	0.3508740345
2.323	0.3506518024
2.324	0.3504298149
2.325	0.3502080694
2.326	0.3499865687
2.327	0.3497653092
2.328	0.3495442937
2.329	0.3493235197
2.33	0.3491029875
2.331	0.3488826975
2.332	0.3486626486
2.333	0.3484428405
2.334	0.3482232733
2.335	0.3480039465
2.336	0.3477848604
2.337	0.3475660127
2.338	0.3473474051
2.339	0.347129037
2.34	0.3469109077
2.341	0.3466930159
2.342	0.3464753637
2.343	0.346257948
2.344	0.3460407707
2.345	0.3458238303
2.346	0.345607127
2.347	0.3453906604
2.348	0.3451744302
2.349	0.3449584358
2.35	0.3447426775
2.351	0.3445271542
2.352	0.3443118661
2.353	0.3440968128
2.354	0.3438819942
2.355	0.3436674094
2.356	0.3434530587
2.357	0.3432389417
2.358	0.3430250578
2.359	0.3428114066
2.36	0.3425979883
2.361	0.3423848028
2.362	0.3421718485
2.363	0.3419591265
2.364	0.3417466359
2.365	0.3415343755
2.366	0.3413223466
2.367	0.3411105483
2.368	0.3408989801
2.369	0.3406876421
2.37	0.3404765332
2.371	0.3402656543
2.372	0.3400550034
2.373	0.3398445817
2.374	0.3396343885
2.375	0.3394244239
2.376	0.3392146862
2.377	0.339005176
2.378	0.3387958933
2.379	0.3385868379
2.38	0.3383780088
2.381	0.3381694058
2.382	0.3379610283
2.383	0.337752877
2.384	0.3375449512
2.385	0.337337251
2.386	0.3371297745
2.387	0.3369225236
2.388	0.3367154958
2.389	0.336508693
2.39	0.3363021128
2.391	0.3360957564
2.392	0.3358896233
2.393	0.3356837123
2.394	0.3354780248
2.395	0.3352725582
2.396	0.3350673144
2.397	0.3348622918
2.398	0.3346574902
2.399	0.3344529092
2.4	0.3342485495
2.401	0.33404441
2.402	0.3338404907
2.403	0.3336367915
2.404	0.3334333111
2.405	0.3332300507
2.406	0.3330270087
2.407	0.3328241852
2.408	0.3326215804
2.409	0.3324191935
2.41	0.3322170246
2.411	0.3320150729
2.412	0.3318133387
2.413	0.3316118208
2.414	0.3314105202
2.415	0.3312094348
2.416	0.3310085663
2.417	0.3308079131
2.418	0.3306074757
2.419	0.3304072534
2.42	0.3302072464
2.421	0.3300074531
2.422	0.329807875
2.423	0.3296085104
2.424	0.3294093594
2.425	0.3292104221
2.426	0.3290116979
2.427	0.3288131873
2.428	0.3286148879
2.429	0.3284168016
2.43	0.3282189273
2.431	0.3280212649
2.432	0.3278238143
2.433	0.3276265739
2.434	0.3274295455
2.435	0.3272327267
2.436	0.3270361183
2.437	0.3268397203
2.438	0.3266435321
2.439	0.3264475534
2.44	0.326251784
2.441	0.3260562242
2.442	0.3258608715
2.443	0.3256657281
2.444	0.3254707927
2.445	0.3252760651
2.446	0.3250815451
2.447	0.324887233
2.448	0.3246931269
2.449	0.3244992283
2.45	0.3243055353
2.451	0.3241120494
2.452	0.3239187681
2.453	0.3237256932
2.454	0.3235328237
2.455	0.3233401594
2.456	0.3231476995
2.457	0.3229554443
2.458	0.3227633935
2.459	0.3225715464
2.46	0.3223799031
2.461	0.3221884637
2.462	0.3219972265
2.463	0.321806193
2.464	0.3216153615
2.465	0.3214247329
2.466	0.3212343064
2.467	0.3210440814
2.468	0.3208540574
2.469	0.3206642351
2.47	0.3204746145
2.471	0.3202851936
2.472	0.3200959737
2.473	0.3199069541
2.474	0.3197181335
2.475	0.3195295131
2.476	0.3193410924
2.477	0.3191528703
2.478	0.3189648473
2.479	0.3187770229
2.48	0.3185893968
2.481	0.3184019687
2.482	0.3182147384
2.483	0.3180277059
2.484	0.3178408702
2.485	0.3176542316
2.486	0.3174677904
2.487	0.3172815445
2.488	0.3170954953
2.489	0.3169096424
2.49	0.3167239844
2.491	0.3165385222
2.492	0.3163532552
2.493	0.316168183
2.494	0.3159833057
2.495	0.3157986224
2.496	0.3156141332
2.497	0.3154298383
2.498	0.3152457363
2.499	0.3150618279
2.5	0.3148781126
2.501	0.3146945902
2.502	0.3145112608
2.503	0.3143281231
2.504	0.3141451769
2.505	0.3139624231
2.506	0.3137798606
2.507	0.3135974895
2.508	0.3134153094
2.509	0.3132333206
2.51	0.3130515211
2.511	0.3128699127
2.512	0.3126884937
2.513	0.3125072653
2.514	0.3123262251
2.515	0.3121453748
2.516	0.3119647134
2.517	0.3117842408
2.518	0.3116039566
2.519	0.3114238606
2.52	0.3112439524
2.521	0.3110642324
2.522	0.310884699
2.523	0.3107053533
2.524	0.3105261948
2.525	0.3103472224
2.526	0.3101684367
2.527	0.309989837
2.528	0.3098114238
2.529	0.3096331958
2.53	0.3094551531
2.531	0.3092772956
2.532	0.3090996232
2.533	0.3089221355
2.534	0.3087448328
2.535	0.3085677131
2.536	0.308390778
2.537	0.3082140266
2.538	0.3080374586
2.539	0.3078610741
2.54	0.307684872
2.541	0.3075088532
2.542	0.3073330165
2.543	0.3071573622
2.544	0.3069818899
2.545	0.3068065986
2.546	0.3066314899
2.547	0.3064565614
2.548	0.3062818145
2.549	0.3061072483
2.55	0.3059328626
2.551	0.3057586571
2.552	0.3055846317
2.553	0.3054107861
2.554	0.3052371201
2.555	0.3050636333
2.556	0.3048903259
2.557	0.3047171968
2.558	0.3045442471
2.559	0.3043714748
2.56	0.3041988814
2.561	0.3040264649
2.562	0.3038542268
2.563	0.303682166
2.564	0.3035102821
2.565	0.3033385751
2.566	0.3031670452
2.567	0.3029956912
2.568	0.3028245137
2.569	0.3026535124
2.57	0.3024826866
2.571	0.3023120365
2.572	0.3021415614
2.573	0.3019712614
2.574	0.3018011361
2.575	0.301631185
2.576	0.3014614087
2.577	0.3012918064
2.578	0.3011223783
2.579	0.3009531235
2.58	0.3007840421
2.581	0.3006151336
2.582	0.3004463987
2.583	0.3002778356
2.584	0.3001094458
2.585	0.2999412279
2.586	0.2997731816
2.587	0.2996053075
2.588	0.2994376051
2.589	0.2992700735
2.59	0.2991027135
2.591	0.2989355239
2.592	0.2987685052
2.593	0.2986016568
2.594	0.2984349791
2.595	0.2982684704
2.596	0.2981021321
2.597	0.2979359628
2.598	0.2977699632
2.599	0.2976041326
2.6	0.2974384703
2.601	0.2972729768
2.602	0.2971076521
2.603	0.2969424949
2.604	0.2967775058
2.605	0.296612685
2.606	0.296448031
2.607	0.2962835444
2.608	0.2961192245
2.609	0.2959550715
2.61	0.2957910853
2.611	0.295627265
2.612	0.2954636114
2.613	0.2953001235
2.614	0.2951368008
2.615	0.2949736442
2.616	0.2948106523
2.617	0.294647826
2.618	0.2944851637
2.619	0.2943226664
2.62	0.2941603339
2.621	0.2939981646
2.622	0.2938361597
2.623	0.2936743184
2.624	0.2935126406
2.625	0.2933511261
2.626	0.2931897745
2.627	0.2930285858
2.628	0.2928675599
2.629	0.292706696
2.63	0.2925459944
2.631	0.2923854547
2.632	0.2922250771
2.633	0.2920648608
2.634	0.2919048055
2.635	0.2917449113
2.636	0.2915851782
2.637	0.2914256056
2.638	0.2912661936
2.639	0.2911069418
2.64	0.2909478499
2.641	0.2907889178
2.642	0.2906301459
2.643	0.2904715322
2.644	0.2903130784
2.645	0.2901547834
2.646	0.2899966473
2.647	0.2898386694
2.648	0.2896808501
2.649	0.2895231886
2.65	0.289365685
2.651	0.2892083393
2.652	0.2890511512
2.653	0.2888941201
2.654	0.2887372458
2.655	0.2885805287
2.656	0.2884239681
2.657	0.2882675644
2.658	0.2881113161
2.659	0.2879552245
2.66	0.2877992882
2.661	0.2876435075
2.662	0.2874878824
2.663	0.2873324124
2.664	0.2871770975
2.665	0.2870219376
2.666	0.2868669317
2.667	0.2867120805
2.668	0.2865573831
2.669	0.2864028403
2.67	0.2862484502
2.671	0.2860942144
2.672	0.2859401317
2.673	0.2857862022
2.674	0.2856324255
2.675	0.2854788016
2.676	0.2853253302
2.677	0.2851720116
2.678	0.2850188444
2.679	0.2848658291
2.68	0.2847129658
2.681	0.284560254
2.682	0.2844076936
2.683	0.2842552843
2.684	0.2841030255
2.685	0.2839509182
2.686	0.2837989603
2.687	0.2836471533
2.688	0.2834954964
2.689	0.2833439896
2.69	0.2831926323
2.691	0.2830414243
2.692	0.282890366
2.693	0.2827394564
2.694	0.2825886959
2.695	0.2824380844
2.696	0.2822876209
2.697	0.282137306
2.698	0.2819871393
2.699	0.2818371207
2.7	0.2816872495
2.701	0.2815375259
2.702	0.2813879493
2.703	0.2812385204
2.704	0.281089238
2.705	0.280940103
2.706	0.2807911141
2.707	0.2806422714
2.708	0.2804935751
2.709	0.2803450253
2.71	0.2801966206
2.711	0.2800483613
2.712	0.2799002478
2.713	0.2797522795
2.714	0.2796044564
2.715	0.2794567781
2.716	0.279309244
2.717	0.2791618549
2.718	0.2790146095
2.719	0.2788675085
2.72	0.2787205513
2.721	0.2785737379
2.722	0.2784270682
2.723	0.2782805412
2.724	0.278134158
2.725	0.2779879173
2.726	0.2778418193
2.727	0.2776958638
2.728	0.2775500509
2.729	0.27740438
2.73	0.2772588516
2.731	0.2771134642
2.732	0.2769682188
2.733	0.2768231152
2.734	0.2766781526
2.735	0.2765333305
2.736	0.27638865
2.737	0.2762441096
2.738	0.2760997102
2.739	0.275955451
2.74	0.2758113316
2.741	0.2756673523
2.742	0.2755235129
2.743	0.275379813
2.744	0.2752362527
2.745	0.2750928315
2.746	0.2749495491
2.747	0.274806406
2.748	0.2746634011
2.749	0.274520535
2.75	0.2743778071
2.751	0.274235217
2.752	0.2740927651
2.753	0.2739504511
2.754	0.2738082746
2.755	0.2736662353
2.756	0.2735243336
2.757	0.2733825685
2.758	0.2732409407
2.759	0.273099449
2.76	0.2729580941
2.761	0.2728168756
2.762	0.2726757934
2.763	0.2725348467
2.764	0.272394036
2.765	0.2722533611
2.766	0.2721128213
2.767	0.2719724169
2.768	0.2718321476
2.769	0.2716920133
2.77	0.2715520134
2.771	0.2714121486
2.772	0.2712724175
2.773	0.2711328212
2.774	0.2709933583
2.775	0.2708540297
2.776	0.2707148347
2.777	0.2705757729
2.778	0.2704368445
2.779	0.2702980493
2.78	0.2701593875
2.781	0.2700208582
2.782	0.2698824613
2.783	0.2697441968
2.784	0.2696060651
2.785	0.269468065
2.786	0.2693301969
2.787	0.2691924605
2.788	0.2690548559
2.789	0.2689173826
2.79	0.2687800406
2.791	0.26864283
2.792	0.2685057498
2.793	0.2683688004
2.794	0.2682319816
2.795	0.2680952937
2.796	0.2679587353
2.797	0.2678223071
2.798	0.2676860089
2.799	0.2675498409
2.8	0.2674138017
2.801	0.2672778921
2.802	0.2671421117
2.803	0.2670064603
2.804	0.2668709383
2.805	0.2667355444
2.806	0.2666002791
2.807	0.2664651425
2.808	0.2663301335
2.809	0.2661952531
2.81	0.2660605004
2.811	0.2659258753
2.812	0.2657913778
2.813	0.2656570079
2.814	0.2655227648
2.815	0.2653886489
2.816	0.2652546602
2.817	0.265120798
2.818	0.264987062
2.819	0.2648534527
2.82	0.2647199696
2.821	0.2645866126
2.822	0.2644533815
2.823	0.264320276
2.824	0.2641872963
2.825	0.2640544418
2.826	0.2639217126
2.827	0.2637891086
2.828	0.2636566294
2.829	0.2635242753
2.83	0.2633920451
2.831	0.2632599399
2.832	0.2631279589
2.833	0.2629961017
2.834	0.2628643689
2.835	0.2627327593
2.836	0.2626012737
2.837	0.2624699118
2.838	0.2623386727
2.839	0.2622075571
2.84	0.2620765648
2.841	0.2619456945
2.842	0.2618149474
2.843	0.2616843229
2.844	0.2615538208
2.845	0.2614234406
2.846	0.2612931825
2.847	0.2611630467
2.848	0.2610330324
2.849	0.2609031392
2.85	0.2607733679
2.851	0.2606437177
2.852	0.2605141889
2.853	0.2603847807
2.854	0.2602554934
2.855	0.2601263268
2.856	0.2599972809
2.857	0.2598683551
2.858	0.2597395493
2.859	0.2596108638
2.86	0.2594822981
2.861	0.2593538521
2.862	0.2592255259
2.863	0.2590973186
2.864	0.2589692308
2.865	0.2588412622
2.866	0.2587134127
2.867	0.2585856818
2.868	0.2584580694
2.869	0.2583305758
2.87	0.2582032
2.871	0.2580759428
2.872	0.257948804
2.873	0.2578217826
2.874	0.2576948788
2.875	0.2575680931
2.876	0.2574414242
2.877	0.2573148728
2.878	0.2571884386
2.879	0.2570621215
2.88	0.2569359213
2.881	0.2568098375
2.882	0.2566838707
2.883	0.2565580196
2.884	0.2564322851
2.885	0.2563066669
2.886	0.2561811644
2.887	0.2560557776
2.888	0.2559305066
2.889	0.2558053512
2.89	0.2556803111
2.891	0.2555553861
2.892	0.255430576
2.893	0.255305881
2.894	0.2551813011
2.895	0.2550568351
2.896	0.254932484
2.897	0.2548082474
2.898	0.2546841247
2.899	0.2545601161
2.9	0.2544362212
2.901	0.2543124402
2.902	0.2541887728
2.903	0.2540652189
2.904	0.2539417783
2.905	0.253818451
2.906	0.2536952364
2.907	0.2535721349
2.908	0.2534491462
2.909	0.2533262702
2.91	0.2532035062
2.911	0.2530808547
2.912	0.2529583154
2.913	0.2528358882
2.914	0.252713573
2.915	0.252591369
2.916	0.2524692771
2.917	0.2523472964
2.918	0.252225427
2.919	0.252103669
2.92	0.2519820219
2.921	0.2518604857
2.922	0.2517390603
2.923	0.2516177454
2.924	0.2514965411
2.925	0.251375447
2.926	0.2512544631
2.927	0.2511335893
2.928	0.2510128254
2.929	0.2508921713
2.93	0.2507716269
2.931	0.2506511922
2.932	0.2505308666
2.933	0.2504106499
2.934	0.2502905426
2.935	0.2501705442
2.936	0.2500506546
2.937	0.2499308739
2.938	0.2498112014
2.939	0.2496916374
2.94	0.2495721819
2.941	0.2494528343
2.942	0.2493335945
2.943	0.2492144628
2.944	0.2490954387
2.945	0.2489765223
2.946	0.2488577133
2.947	0.2487390118
2.948	0.2486204174
2.949	0.2485019296
2.95	0.2483835491
2.951	0.2482652753
2.952	0.2481471079
2.953	0.2480290474
2.954	0.247911093
2.955	0.2477932448
2.956	0.2476755031
2.957	0.2475578669
2.958	0.2474403367
2.959	0.2473229122
2.96	0.2472055936
2.961	0.24708838
2.962	0.2469712716
2.963	0.2468542689
2.964	0.2467373707
2.965	0.2466205776
2.966	0.2465038893
2.967	0.2463873058
2.968	0.2462708266
2.969	0.246154452
2.97	0.2460381814
2.971	0.2459220151
2.972	0.245805953
2.973	0.2456899945
2.974	0.2455741397
2.975	0.2454583884
2.976	0.2453427405
2.977	0.2452271962
2.978	0.245111755
2.979	0.2449964172
2.98	0.2448811822
2.981	0.24476605
2.982	0.2446510201
2.983	0.2445360933
2.984	0.2444212688
2.985	0.2443065464
2.986	0.2441919265
2.987	0.2440774084
2.988	0.2439629923
2.989	0.2438486781
2.99	0.2437344656
2.991	0.2436203549
2.992	0.243506345
2.993	0.243392437
2.994	0.2432786297
2.995	0.243164924
2.996	0.2430513186
2.997	0.2429378144
2.998	0.2428244106
2.999	0.2427111076
3	0.2425979049
