0.01	1
0.011	1
0.012	-1
0.013	1
0.014	1
0.015	1
0.016	1
0.017	1
0.018	1
0.019	1
0.02	1
0.021	-1
0.022	1
0.023	1
0.024	-1
0.025	-1
0.026	-1
0.027	1
0.028	1
0.029	1
0.03	1
0.031	-1
0.032	1
0.033	1
0.034	1
0.035	1
0.036	1
0.037	1
0.038	1
0.039	1
0.04	1
0.041	1
0.042	1
0.043	1
0.044	1
0.045	1
0.046	1
0.047	1
0.048	1
0.049	1
0.05	1
0.051	1
0.052	-1
0.053	1
0.054	1
0.055	1
0.056	1
0.057	1
0.058	1
0.059	-1
0.06	-1
0.061	1
0.062	1
0.063	-1
0.064	-1
0.065	1
0.066	1
0.067	1
0.068	1
0.069	1
0.07	1
0.071	1
0.072	1
0.073	1
0.074	1
0.075	1
0.076	-0.9999999999
0.077	1
0.078	1
0.079	1
0.08	1
0.081	1
0.082	-0.9999999994
0.083	1
0.084	-0.999999999
0.085	1
0.086	1
0.087	-0.9999999979
0.088	1
0.089	-0.9999999967
0.09	1
0.091	0.9999999999
0.092	0.9999999999
0.093	-0.9999999921
0.094	0.9999999999
0.095	0.9999999998
0.096	-0.9999999856
0.097	-0.9999999825
0.098	0.9999999996
0.099	-0.9999999746
0.1	-0.9999999695
0.101	0.9999999993
0.102	0.9999999991
0.103	0.9999999989
0.104	0.9999999987
0.105	0.9999999984
0.106	0.9999999981
0.107	0.9999999976
0.108	0.9999999972
0.109	0.9999999966
0.11	0.9999999959
0.111	0.9999999951
0.112	0.9999999941
0.113	0.999999993
0.114	0.9999999917
0.115	0.9999999902
0.116	0.9999999884
0.117	0.9999999864
0.118	0.999999984
0.119	-0.9999994606
0.12	0.9999999782
0.121	-0.9999993074
0.122	-0.9999992176
0.123	0.9999999659
0.124	-0.9999990074
0.125	0.9999999546
0.126	0.9999999477
0.127	0.99999994
0.128	0.9999999314
0.129	0.9999999216
0.13	0.9999999106
0.131	0.9999998982
0.132	0.9999998844
0.133	-0.9999973492
0.134	0.9999998518
0.135	0.9999998326
0.136	0.9999998113
0.137	0.9999997877
0.138	0.9999997615
0.139	0.9999997325
0.14	0.9999997005
0.141	0.9999996652
0.142	-0.9999937493
0.143	0.9999995835
0.144	0.9999995366
0.145	0.9999994851
0.146	0.9999994287
0.147	0.999999367
0.148	0.9999992997
0.149	0.9999992262
0.15	-0.9999877096
0.151	-0.9999866929
0.152	0.9999989644
0.153	0.9999988616
0.154	0.9999987502
0.155	0.9999986296
0.156	0.999998499
0.157	0.999998358
0.158	0.9999982057
0.159	-0.9999757554
0.16	0.9999978645
0.161	0.9999976741
0.162	0.9999974694
0.163	0.9999972496
0.164	-0.1197304328
0.165	0.9999967607
0.166	0.9999964898
0.167	-0.1201649856
0.168	-0.9999555272
0.169	-0.9999526149
0.17	0.9999952052
0.171	0.9999948282
0.172	0.9999944265
0.173	0.9999939988
0.174	0.9999935437
0.175	-0.9999317151
0.176	0.9999925461
0.177	0.9999920006
0.178	-0.9999187793
0.179	0.9999908087
0.18	0.9999901592
0.181	-0.9999039451
0.182	0.9999887444
0.183	-0.9998929058
0.184	0.9999871638
0.185	0.9999863067
0.186	0.9999854025
0.187	0.9999844492
0.188	-0.1232987059
0.189	0.9999823872
0.19	-0.9998460671
0.191	0.9999801037
0.192	0.9999788734
0.193	0.9999775809
0.194	-0.9998128064
0.195	0.9999747998
0.196	0.9999733063
0.197	0.9999717408
0.198	-0.9997741396
0.199	0.9999683834
0.2	-0.125164959
0.201	0.9999647058
0.202	0.9999627401
0.203	0.9999606858
0.204	0.99995854
0.205	0.9999562997
0.206	0.9999539619
0.207	0.9999515233
0.208	0.9999489809
0.209	0.9999463314
0.21	-0.9996198143
0.211	0.9999406976
0.212	0.9999377066
0.213	0.9999345949
0.214	0.9999313589
0.215	0.9999279952
0.216	0.9999244999
0.217	0.9999208695
0.218	0.9999171001
0.219	-0.128240067
0.22	0.9999091292
0.221	0.9999049199
0.222	0.9999005561
0.223	-0.9993721977
0.224	-0.1290749874
0.225	0.9998864967
0.226	0.9998814738
0.227	0.9998762757
0.228	0.999870898
0.229	0.9998653364
0.23	0.9998595866
0.231	0.999853644
0.232	0.9998475041
0.233	0.9998411625
0.234	0.9998346145
0.235	0.9998278554
0.236	-0.9990182192
0.237	-0.131298412
0.238	-0.9989527647
0.239	0.9997986144
0.24	0.9997907289
0.241	0.9997826036
0.242	-0.9988121935
0.243	0.9997656135
0.244	0.9997567386
0.245	0.9997476038
0.246	-0.9986581253
0.247	0.9997285338
0.248	0.9997185884
0.249	0.9997083621
0.25	0.9996978499
0.251	0.9996870465
0.252	0.9996759464
0.253	-0.9983538032
0.254	0.999652835
0.255	-0.134508903
0.256	0.999628472
0.257	-0.9981587977
0.258	-0.9981075319
0.259	-0.1352441862
0.26	0.9995758148
0.261	0.999561799
0.262	-0.9978920626
0.263	0.999532706
0.264	0.9995176174
0.265	0.9995021597
0.266	0.9994863273
0.267	-0.9975984434
0.268	0.9994535147
0.269	0.9994365229
0.27	0.999419133
0.271	0.9994013391
0.272	0.9993831353
0.273	0.9993645158
0.274	0.9993454743
0.275	0.9993260052
0.276	0.9993061024
0.277	0.99928576
0.278	0.9992649718
0.279	0.9992437318
0.28	-0.9966988919
0.281	0.9991998726
0.282	0.9991772413
0.283	0.999154134
0.284	0.9991305447
0.285	0.9991064672
0.286	0.9990818955
0.287	0.9990568235
0.288	0.999031245
0.289	0.9990051538
0.29	0.9989785438
0.291	0.998951409
0.292	-0.141638343
0.293	0.9988955399
0.294	0.9988667933
0.295	0.9988374972
0.296	-0.9952919407
0.297	0.9987772315
0.298	0.9987462495
0.299	0.9987146932
0.3	0.9986825565
0.301	0.998649833
0.302	-0.994670464
0.303	0.9985826016
0.304	0.9985480809
0.305	0.9985129489
0.306	0.9984771993
0.307	0.9984408259
0.308	-0.9939941238
0.309	0.9983661831
0.31	0.9983279013
0.311	0.998288971
0.312	0.998249386
0.313	0.9982091403
0.314	-0.9932606129
0.315	0.9981266418
0.316	0.9980843767
0.317	0.9980414262
0.318	0.9979977843
0.319	0.9979534448
0.32	0.9979084015
0.321	0.9978626484
0.322	0.9978161796
0.323	0.9977689884
0.324	0.9977210693
0.325	0.997672416
0.326	-0.9916130102
0.327	-0.9914644159
0.328	0.997521991
0.329	0.9974703409
0.33	0.9974179263
0.331	-0.990852086
0.332	-0.150270497
0.333	0.9972560373
0.334	0.997200506
0.335	0.9971441803
0.336	0.9970870543
0.337	0.9970291226
0.338	0.9969703795
0.339	0.9969108177
0.34	0.996850433
0.341	0.9967892183
0.342	0.9967271684
0.343	-0.1528371469
0.344	0.9966005395
0.345	-0.1533135316
0.346	0.9964704994
0.347	-0.9881042608
0.348	-0.9879160729
0.349	0.9962689427
0.35	0.9962000021
0.351	0.9961301739
0.352	0.9960594524
0.353	0.9959878327
0.354	0.9959153091
0.355	-0.9865423736
0.356	-0.155989297
0.357	0.9956922563
0.358	0.9956160602
0.359	0.9955389309
0.36	0.9954608643
0.361	0.9953818548
0.362	-0.9850676225
0.363	0.9952209839
0.364	0.9951391117
0.365	-0.1582512789
0.366	0.9949724669
0.367	0.9948876834
0.368	0.9948019185
0.369	0.9947151676
0.37	0.9946274241
0.371	0.9945386829
0.372	0.9944489395
0.373	0.9943581885
0.374	0.9942664243
0.375	0.994173641
0.376	0.9940798348
0.377	-0.9815517731
0.378	-0.9812995494
0.379	-0.9810450412
0.38	0.9936942685
0.381	-0.1624445626
0.382	0.9934952092
0.383	0.993394093
0.384	0.9932919113
0.385	0.9931886603
0.386	-0.163802567
0.387	0.9929789286
0.388	0.9928724383
0.389	-0.9783722554
0.39	0.9926561829
0.391	0.9925464083
0.392	-0.9775242633
0.393	0.9923235407
0.394	0.9922104379
0.395	0.9920962159
0.396	-0.1665904654
0.397	-0.1668746847
0.398	0.9917467882
0.399	0.9916280409
0.4	0.9915081517
0.401	-0.9748486347
0.402	0.9912649241
0.403	-0.1686013956
0.404	0.9910170694
0.405	0.9908913933
0.406	0.9907645478
0.407	0.990636525
0.408	0.9905073227
0.409	0.9903769356
0.41	0.9902453591
0.411	-0.9716372789
0.412	0.9899786203
0.413	-0.1715634251
0.414	0.989707069
0.415	0.9895694781
0.416	-0.1724733095
0.417	0.9892906433
0.418	0.9891493902
0.419	-0.1733933239
0.42	0.9888631918
0.421	0.9887182379
0.422	0.9885720414
0.423	0.9884245978
0.424	0.9882759044
0.425	0.9881259539
0.426	0.9879747449
0.427	0.9878222735
0.428	-0.9655744357
0.429	0.9875135193
0.43	0.9873572299
0.431	0.9871996605
0.432	0.9870408067
0.433	0.9868806641
0.434	0.9867192288
0.435	0.9865564967
0.436	0.9863924639
0.437	0.9862271261
0.438	0.9860604797
0.439	-0.9612262654
0.44	0.985723243
0.441	0.9855526455
0.442	0.9853807234
0.443	0.9852074722
0.444	0.9850328886
0.445	0.9848569682
0.446	-0.1821605551
0.447	-0.1825032005
0.448	0.9843211491
0.449	0.9841398438
0.45	0.983957183
0.451	-0.18388747
0.452	0.9835877795
0.453	0.9834010283
0.454	-0.9547282208
0.455	0.9830234075
0.456	0.9828325336
0.457	0.9826402753
0.458	0.9824466319
0.459	-0.9524104474
0.46	-0.9519375351
0.461	0.9818573522
0.462	0.9816581291
0.463	-0.1881765433
0.464	0.9812554681
0.465	0.9810520227
0.466	0.9808471627
0.467	-0.9485383046
0.468	0.9804331854
0.469	-0.9475381535
0.47	0.980013505
0.471	0.9798015196
0.472	-0.1915350524
0.473	0.9793732363
0.474	0.9791569312
0.475	0.9789391809
0.476	0.9787199829
0.477	0.9784993287
0.478	0.9782772203
0.479	0.9780536513
0.48	0.9778286199
0.481	0.9776021217
0.482	0.9773741555
0.483	-0.1958171424
0.484	0.9769137966
0.485	0.9766813992
0.486	-0.9384987921
0.487	-0.9379362355
0.488	0.9759752996
0.489	0.9757369503
0.49	-0.198650168
0.491	0.9752557626
0.492	0.9750129179
0.493	0.9747685659
0.494	0.9745227067
0.495	0.9742753342
0.496	0.9740264484
0.497	0.9737760423
0.498	0.9735241161
0.499	0.9732706662
0.5	0.973015687
0.501	0.9727591785
0.502	0.9725011348
0.503	0.9722415553
0.504	0.9719804371
0.505	0.9717177731
0.506	0.9714535646
0.507	0.9711878091
0.508	0.9709204977
0.509	0.9706516338
0.51	0.9703812129
0.511	0.9701092281
0.512	0.9698356796
0.513	0.9695605651
0.514	0.9692838807
0.515	0.9690056255
0.516	0.9687257916
0.517	0.9684443788
0.518	0.9681613877
0.519	0.9678768077
0.52	-0.9173009028
0.521	-0.9166093532
0.522	0.9670135402
0.523	0.9667225952
0.524	-0.9145099098
0.525	0.9661359053
0.526	0.9658401564
0.527	0.9655427979
0.528	-0.9116519859
0.529	0.9649432502
0.53	0.9646410561
0.531	0.9643372399
0.532	0.9640318041
0.533	0.9637247441
0.534	0.9634160578
0.535	0.9631057414
0.536	0.9627937918
0.537	0.9624802064
0.538	0.9621649855
0.539	-0.9034359575
0.54	0.9615296166
0.541	0.9612094653
0.542	-0.2228405797
0.543	-0.2233694328
0.544	0.9602391068
0.545	-0.8987253899
0.546	0.9595839229
0.547	0.9592538421
0.548	0.9589220922
0.549	0.9585886755
0.55	0.9582535912
0.551	0.9579168323
0.552	0.9575783993
0.553	0.9572382886
0.554	0.9568965001
0.555	0.9565530237
0.556	0.9562078661
0.557	0.9558610187
0.558	0.9555124788
0.559	0.9551622477
0.56	0.9548103213
0.561	0.9544566954
0.562	-0.2339762331
0.563	0.9537443402
0.564	0.9533856054
0.565	0.9530251609
0.566	0.9526630063
0.567	0.9522991383
0.568	0.951933556
0.569	0.9515662538
0.57	0.9511972288
0.571	0.9508264823
0.572	0.9504540099
0.573	0.9500798092
0.574	-0.2412805681
0.575	0.9493262141
0.576	0.9489468128
0.577	-0.8705898007
0.578	0.9481827954
0.579	0.9477981756
0.58	-0.8676678015
0.581	0.9470236911
0.582	0.9466338258
0.583	0.9462422079
0.584	-0.8636888278
0.585	0.9454537049
0.586	-0.8616629327
0.587	0.9446581641
0.588	0.9442577465
0.589	-0.8585775373
0.59	-0.8575364374
0.591	0.9430458861
0.592	0.9426383855
0.593	0.9422291105
0.594	-0.2546914809
0.595	0.9414052229
0.596	0.9409906042
0.597	-0.8500666562
0.598	0.9401560093
0.599	-0.2583204483
0.6	-0.2590608737
0.601	0.9388906829
0.602	0.9384653181
0.603	0.9380381508
0.604	-0.2620733605
0.605	0.9371784098
0.606	0.9367458321
0.607	0.9363114474
0.608	0.9358752471
0.609	0.935437235
0.61	-0.8352946403
0.611	0.934555765
0.612	0.9341122998
0.613	0.9336670134
0.614	0.9332199026
0.615	0.9327709652
0.616	0.9323201998
0.617	0.9318676023
0.618	0.9314131709
0.619	0.9309569043
0.62	0.9304988002
0.621	0.9300388577
0.622	0.929577072
0.623	0.9291134415
0.624	0.9286479624
0.625	0.928180639
0.626	0.9277114614
0.627	-0.2811792081
0.628	0.9267675451
0.629	-0.8113163093
0.63	0.9258162015
0.631	0.9253377367
0.632	-0.8072365298
0.633	0.9243752152
0.634	0.9238911545
0.635	-0.8030683849
0.636	0.9229174161
0.637	0.9224277386
0.638	0.921936181
0.639	0.9214427466
0.64	0.9209474297
0.641	0.9204502324
0.642	0.9199511464
0.643	-0.2966724385
0.644	0.9189473139
0.645	-0.7884890964
0.646	0.9179359155
0.647	0.9174273742
0.648	0.9169169354
0.649	0.9164045952
0.65	-0.7807686419
0.651	0.9153742111
0.652	0.9148561605
0.653	-0.7759853558
0.654	0.9138143294
0.655	0.9132905479
0.656	-0.7710818036
0.657	0.9122372414
0.658	0.9117077104
0.659	0.9111762595
0.66	-0.7643454169
0.661	0.9101075927
0.662	0.9095703655
0.663	0.9090312159
0.664	0.9084901317
0.665	0.9079471161
0.666	-0.7537800068
0.667	0.9068552813
0.668	0.90630646
0.669	-0.3274079978
0.67	0.9052029875
0.671	0.9046483355
0.672	-0.7425985083
0.673	0.9035331943
0.674	-0.7387197997
0.675	0.9024102538
0.676	0.9018458481
0.677	0.9012794904
0.678	0.9007111757
0.679	0.9001409024
0.68	0.899568662
0.681	0.8989944631
0.682	0.8984182961
0.683	0.8978401605
0.684	0.8972600609
0.685	0.8966779843
0.686	0.8960939386
0.687	0.8955079122
0.688	0.8949199113
0.689	0.8943299325
0.69	0.8937379736
0.691	0.8931440335
0.692	0.8925481096
0.693	0.8919501939
0.694	0.8913502912
0.695	0.8907484009
0.696	0.8901445204
0.697	0.889538642
0.698	0.8889307709
0.699	0.8883209021
0.7	0.8877090345
0.701	0.8870951693
0.702	0.8864792952
0.703	0.8858614199
0.704	0.8852415405
0.705	0.8846196533
0.706	0.8839957507
0.707	0.8833698396
0.708	0.8827419166
0.709	0.8821119774
0.71	0.8814800248
0.711	0.8808460489
0.712	0.8802100563
0.713	0.8795720397
0.714	0.8789320028
0.715	0.8782899394
0.716	0.8776458457
0.717	0.8769997281
0.718	0.8763515763
0.719	-0.6119391459
0.72	0.8750491798
0.721	0.8743949298
0.722	0.8737386419
0.723	0.8730803195
0.724	0.8724199544
0.725	0.8717575476
0.726	0.8710930973
0.727	0.8704265972
0.728	0.8697580546
0.729	0.869087466
0.73	0.8684148298
0.731	0.8677401339
0.732	0.8670633903
0.733	0.8663845925
0.734	0.8657037389
0.735	0.8650208308
0.736	0.8643358598
0.737	0.8636488284
0.738	0.8629597367
0.739	0.8622685817
0.74	0.8615753632
0.741	0.8608800795
0.742	0.8601827258
0.743	0.8594833032
0.744	0.8587818104
0.745	0.8580782425
0.746	0.8573726045
0.747	0.856664895
0.748	0.8559551031
0.749	0.8552432369
0.75	0.854529294
0.751	0.8538132702
0.752	0.8530951636
0.753	0.8523749733
0.754	0.8516526997
0.755	0.8509283405
0.756	0.8502018981
0.757	0.8494733662
0.758	0.848742742
0.759	0.8480100293
0.76	0.8472752321
0.761	0.8465383296
0.762	0.8457993395
0.763	0.845058256
0.764	0.8443150731
0.765	0.8435697941
0.766	0.8428224169
0.767	0.84207294
0.768	0.8413213673
0.769	0.8405676851
0.77	0.8398119065
0.771	0.8390540145
0.772	0.8382940235
0.773	0.8375319266
0.774	0.8367677222
0.775	0.8360014128
0.776	0.8352329897
0.777	0.8344624585
0.778	0.8336898169
0.779	0.8329150642
0.78	0.8321381978
0.781	0.8313592185
0.782	0.8305781251
0.783	0.8297949161
0.784	0.8290095927
0.785	0.8282221506
0.786	0.8274325962
0.787	0.8266409202
0.788	0.8258471176
0.789	0.8250512003
0.79	0.8242531636
0.791	0.8234530057
0.792	0.822650726
0.793	0.8218463247
0.794	0.8210398031
0.795	0.820231152
0.796	0.8194203787
0.797	0.8186074819
0.798	0.8177924565
0.799	0.8169753075
0.8	0.8161560389
0.801	0.8153346364
0.802	0.8145111021
0.803	0.8136854462
0.804	0.8128576678
0.805	0.8120277522
0.806	0.8111957114
0.807	0.8103615388
0.808	0.80952524
0.809	0.8086868118
0.81	0.807846254
0.811	0.8070035694
0.812	0.8061587491
0.813	0.8053118019
0.814	0.8044627241
0.815	0.8036115161
0.816	0.802758178
0.817	0.8019027095
0.818	0.8010451144
0.819	0.8001853829
0.82	0.7993235226
0.821	0.7984595334
0.822	0.7975934147
0.823	0.7967251654
0.824	0.7958547871
0.825	0.7949822792
0.826	0.7941076443
0.827	0.7932308798
0.828	0.7923519869
0.829	0.7914709608
0.83	0.7905878111
0.831	0.7897025342
0.832	0.7888151342
0.833	0.7879256011
0.834	0.7870339452
0.835	0.7861401646
0.836	0.7852442639
0.837	0.7843462345
0.838	0.7834460804
0.839	0.7825438042
0.84	0.7816394082
0.841	0.7807328952
0.842	0.7798242562
0.843	0.778913499
0.844	0.7780006308
0.845	0.7770856405
0.846	0.7761685272
0.847	0.7752493051
0.848	0.7743279699
0.849	0.7734045204
0.85	0.77247896
0.851	0.7715512894
0.852	0.7706215158
0.853	0.7696896223
0.854	0.7687556296
0.855	0.7678195299
0.856	0.7668813278
0.857	0.7659410238
0.858	0.7649986252
0.859	0.7640541166
0.86	0.7631075239
0.861	0.7621588206
0.862	0.7612080316
0.863	0.7602551507
0.864	0.7593001815
0.865	0.7583431213
0.866	0.7573839767
0.867	0.7564227533
0.868	0.755459441
0.869	0.7544940523
0.87	0.7535265872
0.871	0.7525570367
0.872	0.7515854207
0.873	0.7506117345
0.874	0.7496359822
0.875	0.748658164
0.876	0.7476782755
0.877	0.7466963314
0.878	0.7457123294
0.879	0.7447262722
0.88	0.7437381627
0.881	0.7427480052
0.882	0.7417557996
0.883	0.740761552
0.884	0.7397652588
0.885	0.7387669315
0.886	0.7377665701
0.887	0.7367641784
0.888	0.7357597565
0.889	0.7347533116
0.89	0.7337448461
0.891	0.7327343679
0.892	0.7317218708
0.893	0.7307073577
0.894	0.7296908438
0.895	0.7286723272
0.896	0.727651815
0.897	0.7266293015
0.898	0.7256048003
0.899	0.7245783153
0.9	0.7235498419
0.901	0.722519393
0.902	0.7214869711
0.903	0.7204525774
0.904	0.7194162251
0.905	0.7183779058
0.906	0.7173376271
0.907	0.7162954087
0.908	0.7152512295
0.909	0.7142051196
0.91	0.7131570744
0.911	0.7121070842
0.912	0.7110551761
0.913	0.7100013469
0.914	0.7089456017
0.915	0.7078879461
0.916	0.7068283923
0.917	0.7057669255
0.918	0.7047035717
0.919	0.7036383319
0.92	0.7025712077
0.921	0.701502206
0.922	0.7004313445
0.923	0.6993586009
0.924	0.6982840086
0.925	0.6972075719
0.926	0.6961292757
0.927	0.6950491554
0.928	0.6939671883
0.929	0.6928834032
0.93	0.6917977996
0.931	0.6907103843
0.932	0.6896211644
0.933	0.6885301469
0.934	0.6874373391
0.935	0.6863427482
0.936	0.6852463817
0.937	0.684148247
0.938	0.6830483518
0.939	0.6819467038
0.94	0.6808433109
0.941	0.6797381809
0.942	0.6786313246
0.943	0.6775227422
0.944	0.6764124498
0.945	0.6753004533
0.946	0.6741867611
0.947	0.6730713817
0.948	0.671954324
0.949	0.6708356002
0.95	0.6697152087
0.951	0.6685931692
0.952	0.6674694873
0.953	0.6663441819
0.954	0.6652172334
0.955	0.6640886837
0.956	0.6629585269
0.957	0.6618267705
0.958	0.6606934347
0.959	0.6595585209
0.96	0.6584220439
0.961	0.6572840123
0.962	0.6561444364
0.963	0.6550033269
0.964	0.6538606942
0.965	0.6527165491
0.966	0.651570903
0.967	0.6504237657
0.968	0.6492751489
0.969	0.6481250642
0.97	0.6469735244
0.971	0.6458205357
0.972	0.6446661151
0.973	0.6435102791
0.974	0.6423530242
0.975	0.6411943743
0.976	0.6400343324
0.977	0.6388729221
0.978	0.6377101505
0.979	0.6365460358
0.98	0.6353805737
0.981	0.6342138036
0.982	0.6330457039
0.983	0.6318763165
0.984	0.6307056451
0.985	0.6295337029
0.986	0.6283605034
0.987	0.6271860602
0.988	0.626010387
0.989	0.6248334977
0.99	0.6236554063
0.991	0.622476127
0.992	0.621295674
0.993	0.6201140617
0.994	0.6189313047
0.995	0.6177474176
0.996	0.6165624153
0.997	0.6153763127
0.998	0.6141891252
0.999	0.6130008672
1	0.6118115555
1.001	0.6106212054
1.002	0.6094298285
1.003	0.6082374459
1.004	0.6070440715
1.005	0.6058497213
1.006	0.6046544116
1.007	0.6034581672
1.008	0.6022609788
1.009	0.6010628888
1.01	0.5998639053
1.011	0.5986640451
1.012	0.5974633252
1.013	0.5962617628
1.014	0.5950593751
1.015	0.5938561807
1.016	0.5926521946
1.017	0.5914474373
1.018	0.5902419211
1.019	0.5890356704
1.02	0.5878287006
1.021	0.5866210301
1.022	0.585412677
1.023	0.5842036598
1.024	0.5829939971
1.025	0.5817837075
1.026	0.5805728099
1.027	0.5793613231
1.028	0.5781492664
1.029	0.5769366652
1.03	0.5757235217
1.031	0.5745098682
1.032	0.5732957255
1.033	0.5720811074
1.034	0.5708660374
1.035	0.5696505384
1.036	0.5684346178
1.037	0.5672183082
1.038	0.5660016259
1.039	0.564784591
1.04	0.5635672258
1.041	0.5623495458
1.042	0.5611315767
1.043	0.5599133377
1.044	0.5586948496
1.045	0.5574761334
1.046	0.5562572102
1.047	0.5550381013
1.048	0.553818832
1.049	0.5525994115
1.05	0.5513798734
1.051	0.5501602354
1.052	0.5489405191
1.053	0.5477207462
1.054	0.5465009387
1.055	0.5452811184
1.056	0.5440613082
1.057	0.5428415277
1.058	0.5416218017
1.059	0.5404021558
1.06	0.5391825994
1.061	0.537963168
1.062	0.5367438797
1.063	0.5355247605
1.064	0.5343058225
1.065	0.533087099
1.066	0.5318686093
1.067	0.530650378
1.068	0.529432424
1.069	0.5282147766
1.07	0.5269974442
1.071	0.5257804662
1.072	0.5245638596
1.073	0.5233476475
1.074	0.5221318558
1.075	0.5209165076
1.076	0.5197016098
1.077	0.5184872077
1.078	0.5172733162
1.079	0.5160599673
1.08	0.5148471586
1.081	0.5136349478
1.082	0.512423324
1.083	0.5112123364
1.084	0.5100019998
1.085	0.5087923376
1.086	0.5075833734
1.087	0.5063751374
1.088	0.5051676372
1.089	0.5039609027
1.09	0.5027549647
1.091	0.5015498497
1.092	0.5003455579
1.093	0.4991421432
1.094	0.4979395996
1.095	0.4967379722
1.096	0.495537277
1.097	0.4943375376
1.098	0.4931387773
1.099	0.4919410191
1.1	0.4907442865
1.101	0.4895486028
1.102	0.4883539911
1.103	0.4871604745
1.104	0.4859680762
1.105	0.484776824
1.106	0.4835867265
1.107	0.482397821
1.108	0.4812101256
1.109	0.480023666
1.11	0.4788384564
1.111	0.4776545281
1.112	0.4764719007
1.113	0.4752905969
1.114	0.4741106391
1.115	0.4729320497
1.116	0.4717548509
1.117	0.4705790651
1.118	0.4694047191
1.119	0.4682318261
1.12	0.4670604056
1.121	0.4658904941
1.122	0.4647221
1.123	0.4635552527
1.124	0.462389971
1.125	0.4612262763
1.126	0.4600641951
1.127	0.4589037333
1.128	0.4577449271
1.129	0.4565877924
1.13	0.4554323501
1.131	0.4542786233
1.132	0.4531266248
1.133	0.4519763828
1.134	0.450827915
1.135	0.4496812416
1.136	0.4485363824
1.137	0.4473933664
1.138	0.4462521865
1.139	0.4451128886
1.14	0.4439754836
1.141	0.4428399907
1.142	0.4417064298
1.143	0.4405748206
1.144	0.439445174
1.145	0.4383175183
1.146	0.4371918685
1.147	0.4360682427
1.148	0.434946659
1.149	0.4338271354
1.15	0.4327096896
1.151	0.4315943392
1.152	0.4304811015
1.153	0.4293699937
1.154	0.4282610328
1.155	0.4271542377
1.156	0.4260496192
1.157	0.4249471994
1.158	0.4238469929
1.159	0.4227490155
1.16	0.4216532872
1.161	0.4205598117
1.162	0.4194686165
1.163	0.418379713
1.164	0.4172931159
1.165	0.4162088405
1.166	0.4151269013
1.167	0.4140473129
1.168	0.4129700894
1.169	0.4118952452
1.17	0.4108227936
1.171	0.4097527488
1.172	0.4086851262
1.173	0.4076199327
1.174	0.4065571924
1.175	0.4054969017
1.176	0.4044390876
1.177	0.4033837577
1.178	0.4023309242
1.179	0.401280599
1.18	0.4002327976
1.181	0.3991875205
1.182	0.3981447901
1.183	0.397104614
1.184	0.3960670053
1.185	0.395031967
1.186	0.3939995175
1.187	0.3929696645
1.188	0.3919424179
1.189	0.3909177877
1.19	0.3898957833
1.191	0.3888764142
1.192	0.3878596896
1.193	0.3868456231
1.194	0.3858342094
1.195	0.3848254723
1.196	0.3838194117
1.197	0.3828160394
1.198	0.3818153673
1.199	0.3808173876
1.2	0.3798221232
1.201	0.3788295762
1.202	0.3778397535
1.203	0.3768526621
1.204	0.3758683086
1.205	0.3748866993
1.206	0.3739078405
1.207	0.3729317383
1.208	0.3719584019
1.209	0.3709878256
1.21	0.3700200265
1.211	0.3690550056
1.212	0.3680927681
1.213	0.3671333186
1.214	0.3661766617
1.215	0.3652228018
1.216	0.364271743
1.217	0.3633234893
1.218	0.3623780444
1.219	0.361435412
1.22	0.3604955953
1.221	0.3595585977
1.222	0.3586244219
1.223	0.357693071
1.224	0.3567645474
1.225	0.3558388536
1.226	0.3549159945
1.227	0.3539959663
1.228	0.3530787723
1.229	0.352164425
1.23	0.3512529032
1.231	0.3503442286
1.232	0.3494383957
1.233	0.3485354054
1.234	0.3476352641
1.235	0.3467379555
1.236	0.3458435034
1.237	0.3449518834
1.238	0.3440631153
1.239	0.3431771908
1.24	0.3422941115
1.241	0.3414138783
1.242	0.3405364853
1.243	0.3396619372
1.244	0.3387902313
1.245	0.3379213665
1.246	0.3370553454
1.247	0.336192156
1.248	0.3353318075
1.249	0.3344742947
1.25	0.3336196158
1.251	0.332767769
1.252	0.3319187522
1.253	0.3310725676
1.254	0.3302292
1.255	0.3293886598
1.256	0.32855094
1.257	0.3277160381
1.258	0.3268839515
1.259	0.3260546761
1.26	0.3252282099
1.261	0.3244045494
1.262	0.3235836911
1.263	0.3227656316
1.264	0.3219503673
1.265	0.3211378945
1.266	0.3203282092
1.267	0.3195213076
1.268	0.3187171857
1.269	0.3179158391
1.27	0.3171172637
1.271	0.3163214551
1.272	0.3155284088
1.273	0.3147381199
1.274	0.313950584
1.275	0.3131657963
1.276	0.3123837518
1.277	0.3116044455
1.278	0.3108278734
1.279	0.310054027
1.28	0.3092829043
1.281	0.3085144989
1.282	0.3077488055
1.283	0.3069858179
1.284	0.3062255311
1.285	0.3054679392
1.286	0.3047130364
1.287	0.3039608167
1.288	0.3032112743
1.289	0.3024644031
1.29	0.301720197
1.291	0.3009786503
1.292	0.3002397551
1.293	0.2995035068
1.294	0.2987699022
1.295	0.2980389251
1.296	0.2973105755
1.297	0.2965848477
1.298	0.2958617346
1.299	0.2951412267
1.3	0.2944233196
1.301	0.293708006
1.302	0.2929952788
1.303	0.292285131
1.304	0.2915775558
1.305	0.2908725459
1.306	0.2901700944
1.307	0.2894701941
1.308	0.2887728378
1.309	0.2880780179
1.31	0.2873857276
1.311	0.2866959594
1.312	0.2860087083
1.313	0.2853239595
1.314	0.284641716
1.315	0.2839619587
1.316	0.2832846911
1.317	0.2826098978
1.318	0.2819375739
1.319	0.281267713
1.32	0.2806003076
1.321	0.279935346
1.322	0.2792728245
1.323	0.278612734
1.324	0.2779550682
1.325	0.2772998147
1.326	0.2766469701
1.327	0.275996529
1.328	0.275348472
1.329	0.2747028033
1.33	0.274059509
1.331	0.2734185833
1.332	0.2727800174
1.333	0.2721438034
1.334	0.2715099332
1.335	0.2708783988
1.336	0.2702491935
1.337	0.2696223051
1.338	0.2689977297
1.339	0.2683754577
1.34	0.2677554811
1.341	0.2671377917
1.342	0.2665223815
1.343	0.2659092422
1.344	0.2652983657
1.345	0.2646897438
1.346	0.2640833685
1.347	0.2634792314
1.348	0.2628773245
1.349	0.2622776395
1.35	0.2616801683
1.351	0.2610849026
1.352	0.2604918344
1.353	0.2599009553
1.354	0.2593122572
1.355	0.2587257329
1.356	0.2581413712
1.357	0.2575591684
1.358	0.2569791109
1.359	0.2564011977
1.36	0.2558254107
1.361	0.2552517502
1.362	0.2546802051
1.363	0.2541107712
1.364	0.2535434289
1.365	0.2529781815
1.366	0.2524150165
1.367	0.2518539265
1.368	0.251294903
1.369	0.2507379391
1.37	0.2501830231
1.371	0.2496301505
1.372	0.2490793142
1.373	0.2485304999
1.374	0.2479837071
1.375	0.2474389201
1.376	0.2468961371
1.377	0.2463553479
1.378	0.2458165444
1.379	0.2452797186
1.38	0.2447448624
1.381	0.244211968
1.382	0.2436810273
1.383	0.2431520323
1.384	0.2426249752
1.385	0.2420998479
1.386	0.2415766426
1.387	0.2410553513
1.388	0.2405359663
1.389	0.2400184802
1.39	0.2395028833
1.391	0.2389891697
1.392	0.2384773309
1.393	0.2379673597
1.394	0.2374592466
1.395	0.2369529857
1.396	0.2364485684
1.397	0.2359459873
1.398	0.2354452345
1.399	0.2349463024
1.4	0.2344491833
1.401	0.2339538711
1.402	0.2334603536
1.403	0.2329686279
1.404	0.2324786847
1.405	0.2319905169
1.406	0.231504116
1.407	0.2310194755
1.408	0.2305365876
1.409	0.2300554445
1.41	0.2295760391
1.411	0.229098364
1.412	0.2286224143
1.413	0.2281481747
1.414	0.2276756492
1.415	0.2272048179
1.416	0.2267356833
1.417	0.2262682349
1.418	0.2258024654
1.419	0.2253383676
1.42	0.2248759344
1.421	0.2244151585
1.422	0.2239560325
1.423	0.2234985497
1.424	0.2230427028
1.425	0.2225884848
1.426	0.2221358884
1.427	0.2216849084
1.428	0.221235533
1.429	0.2207877599
1.43	0.2203415831
1.431	0.219896988
1.432	0.2194539754
1.433	0.2190125386
1.434	0.2185726636
1.435	0.218134349
1.436	0.2176975873
1.437	0.2172623716
1.438	0.216828695
1.439	0.2163965507
1.44	0.215965932
1.441	0.2155368322
1.442	0.2151092471
1.443	0.2146831628
1.444	0.2142585799
1.445	0.2138354895
1.446	0.2134138851
1.447	0.21299376
1.448	0.2125751078
1.449	0.2121579221
1.45	0.2117421984
1.451	0.2113279259
1.452	0.2109150991
1.453	0.2105037149
1.454	0.2100937667
1.455	0.2096852437
1.456	0.2092781441
1.457	0.2088724601
1.458	0.208468188
1.459	0.208065314
1.46	0.2076638395
1.461	0.2072637559
1.462	0.206865057
1.463	0.2064677368
1.464	0.2060717891
1.465	0.2056772078
1.466	0.2052839871
1.467	0.2048921208
1.468	0.2045016029
1.469	0.2041124277
1.47	0.203724589
1.471	0.2033380835
1.472	0.2029528981
1.473	0.2025690341
1.474	0.2021864841
1.475	0.2018052398
1.476	0.2014252999
1.477	0.2010466522
1.478	0.2006692965
1.479	0.2002932253
1.48	0.199918433
1.481	0.1995449138
1.482	0.1991726623
1.483	0.1988016749
1.484	0.1984319396
1.485	0.1980634573
1.486	0.1976962204
1.487	0.1973302235
1.488	0.196965461
1.489	0.1966019274
1.49	0.1962396175
1.491	0.1958785257
1.492	0.1955186468
1.493	0.1951599762
1.494	0.1948025062
1.495	0.1944462339
1.496	0.1940911532
1.497	0.1937372589
1.498	0.1933845457
1.499	0.1930330086
1.5	0.1926826444
1.501	0.1923334416
1.502	0.1919854016
1.503	0.1916385169
1.504	0.1912927848
1.505	0.1909481938
1.506	0.1906047453
1.507	0.190262432
1.508	0.1899212494
1.509	0.1895811917
1.51	0.1892422551
1.511	0.1889044332
1.512	0.1885677238
1.513	0.1882321177
1.514	0.1878976136
1.515	0.187564206
1.516	0.1872318894
1.517	0.1869006613
1.518	0.1865705118
1.519	0.186241441
1.52	0.1859134428
1.521	0.1855865123
1.522	0.1852606465
1.523	0.184935836
1.524	0.1846120814
1.525	0.1842893773
1.526	0.1839677144
1.527	0.1836470947
1.528	0.1833275107
1.529	0.1830089548
1.53	0.1826914276
1.531	0.1823749226
1.532	0.1820594355
1.533	0.1817449626
1.534	0.1814314972
1.535	0.1811190374
1.536	0.1808075773
1.537	0.1804971135
1.538	0.1801876413
1.539	0.1798791566
1.54	0.1795716549
1.541	0.179265133
1.542	0.178959584
1.543	0.1786550063
1.544	0.1783513949
1.545	0.1780487464
1.546	0.1777470544
1.547	0.1774463168
1.548	0.1771465291
1.549	0.176847687
1.55	0.1765497866
1.551	0.1762528253
1.552	0.1759567943
1.553	0.1756616946
1.554	0.1753675208
1.555	0.1750742678
1.556	0.1747819328
1.557	0.1744905117
1.558	0.1742000003
1.559	0.1739103949
1.56	0.1736216917
1.561	0.1733338866
1.562	0.1730469774
1.563	0.1727609573
1.564	0.1724758229
1.565	0.1721915746
1.566	0.1719082021
1.567	0.1716257069
1.568	0.1713440835
1.569	0.1710633284
1.57	0.1707834377
1.571	0.1705044079
1.572	0.1702262352
1.573	0.1699489161
1.574	0.1696724476
1.575	0.1693968242
1.576	0.1691220443
1.577	0.1688481036
1.578	0.1685749991
1.579	0.1683027271
1.58	0.1680312817
1.581	0.1677606629
1.582	0.1674908657
1.583	0.1672218869
1.584	0.166953723
1.585	0.1666863705
1.586	0.1664198261
1.587	0.1661540863
1.588	0.1658891479
1.589	0.1656250074
1.59	0.1653616616
1.591	0.1650991071
1.592	0.1648373406
1.593	0.1645763589
1.594	0.1643161597
1.595	0.1640567371
1.596	0.1637980895
1.597	0.1635402143
1.598	0.1632831076
1.599	0.1630267668
1.6	0.1627711875
1.601	0.1625163676
1.602	0.162262304
1.603	0.162008992
1.604	0.1617564313
1.605	0.1615046161
1.606	0.1612535442
1.607	0.1610032132
1.608	0.1607536197
1.609	0.1605047606
1.61	0.1602566329
1.611	0.1600092335
1.612	0.1597625596
1.613	0.1595166094
1.614	0.1592713759
1.615	0.1590268604
1.616	0.1587830584
1.617	0.1585399677
1.618	0.1582975835
1.619	0.1580559053
1.62	0.1578149282
1.621	0.1575746507
1.622	0.1573350706
1.623	0.1570961819
1.624	0.1568579848
1.625	0.1566204757
1.626	0.1563836531
1.627	0.1561475099
1.628	0.1559120477
1.629	0.1556772623
1.63	0.1554431524
1.631	0.155209711
1.632	0.1549769397
1.633	0.1547448347
1.634	0.1545133922
1.635	0.1542826107
1.636	0.1540524871
1.637	0.1538230197
1.638	0.1535942043
1.639	0.1533660377
1.64	0.1531385197
1.641	0.1529116465
1.642	0.1526854156
1.643	0.1524598258
1.644	0.1522348715
1.645	0.152010552
1.646	0.1517868639
1.647	0.1515638065
1.648	0.151341377
1.649	0.1511195698
1.65	0.150898386
1.651	0.1506778219
1.652	0.1504578752
1.653	0.1502385428
1.654	0.1500198229
1.655	0.1498017131
1.656	0.1495842105
1.657	0.1493673132
1.658	0.1491510186
1.659	0.1489353249
1.66	0.1487202293
1.661	0.1485057276
1.662	0.1482918208
1.663	0.1480785051
1.664	0.1478657764
1.665	0.1476536351
1.666	0.1474420779
1.667	0.1472311025
1.668	0.1470207066
1.669	0.1468108879
1.67	0.1466016443
1.671	0.1463929734
1.672	0.1461848731
1.673	0.1459773411
1.674	0.1457703752
1.675	0.1455639738
1.676	0.145358133
1.677	0.1451528524
1.678	0.1449481291
1.679	0.1447439611
1.68	0.1445403462
1.681	0.1443372823
1.682	0.1441347672
1.683	0.1439327991
1.684	0.1437313751
1.685	0.1435304944
1.686	0.1433301532
1.687	0.1431303515
1.688	0.1429310848
1.689	0.142732353
1.69	0.1425341541
1.691	0.1423364847
1.692	0.1421393429
1.693	0.1419427279
1.694	0.1417466373
1.695	0.1415510683
1.696	0.1413560197
1.697	0.1411614904
1.698	0.1409674755
1.699	0.1407739758
1.7	0.140580988
1.701	0.1403885109
1.702	0.140196542
1.703	0.1400050797
1.704	0.1398141222
1.705	0.1396236682
1.706	0.1394337135
1.707	0.1392442591
1.708	0.1390553
1.709	0.1388668371
1.71	0.1386788676
1.711	0.13849139
1.712	0.1383044012
1.713	0.1381179005
1.714	0.1379318859
1.715	0.1377463555
1.716	0.1375613081
1.717	0.1373767399
1.718	0.1371926512
1.719	0.1370090394
1.72	0.1368259029
1.721	0.1366432409
1.722	0.1364610492
1.723	0.1362793272
1.724	0.136098074
1.725	0.1359172875
1.726	0.1357369653
1.727	0.1355571064
1.728	0.1353777097
1.729	0.1351987709
1.73	0.1350202909
1.731	0.1348422672
1.732	0.134664698
1.733	0.1344875818
1.734	0.1343109168
1.735	0.1341347014
1.736	0.1339589339
1.737	0.1337836132
1.738	0.1336087363
1.739	0.1334343036
1.74	0.1332603109
1.741	0.1330867591
1.742	0.1329136457
1.743	0.1327409683
1.744	0.1325687254
1.745	0.1323969167
1.746	0.1322255399
1.747	0.1320545938
1.748	0.1318840762
1.749	0.1317139852
1.75	0.1315443204
1.751	0.1313750797
1.752	0.1312062619
1.753	0.1310378651
1.754	0.1308698875
1.755	0.1307023281
1.756	0.1305351854
1.757	0.1303684578
1.758	0.1302021438
1.759	0.1300362425
1.76	0.1298707506
1.761	0.1297056688
1.762	0.1295409941
1.763	0.129376726
1.764	0.1292128632
1.765	0.1290494027
1.766	0.1288863446
1.767	0.1287236871
1.768	0.1285614287
1.769	0.1283995679
1.77	0.1282381033
1.771	0.1280770337
1.772	0.1279163583
1.773	0.1277560736
1.774	0.1275961803
1.775	0.1274366757
1.776	0.1272775601
1.777	0.1271188303
1.778	0.1269604853
1.779	0.126802525
1.78	0.1266449474
1.781	0.1264877503
1.782	0.1263309326
1.783	0.126174494
1.784	0.1260184326
1.785	0.1258627471
1.786	0.1257074361
1.787	0.1255524983
1.788	0.1253979326
1.789	0.1252437375
1.79	0.125089912
1.791	0.1249364539
1.792	0.1247833631
1.793	0.1246306379
1.794	0.1244782769
1.795	0.1243262785
1.796	0.1241746425
1.797	0.1240233665
1.798	0.1238724502
1.799	0.1237218913
1.8	0.1235716896
1.801	0.1234218434
1.802	0.1232723515
1.803	0.1231232128
1.804	0.122974426
1.805	0.1228259901
1.806	0.1226779033
1.807	0.122530165
1.808	0.122382774
1.809	0.1222357287
1.81	0.1220890283
1.811	0.1219426714
1.812	0.1217966569
1.813	0.1216509844
1.814	0.1215056507
1.815	0.1213606564
1.816	0.121216
1.817	0.1210716803
1.818	0.1209276961
1.819	0.1207840462
1.82	0.1206407297
1.821	0.1204977451
1.822	0.1203550915
1.823	0.1202127679
1.824	0.1200707731
1.825	0.1199291059
1.826	0.1197877652
1.827	0.1196467501
1.828	0.1195060593
1.829	0.1193656924
1.83	0.1192256469
1.831	0.1190859225
1.832	0.1189465187
1.833	0.1188074333
1.834	0.1186686664
1.835	0.1185302165
1.836	0.1183920815
1.837	0.1182542618
1.838	0.1181167559
1.839	0.1179795626
1.84	0.1178426811
1.841	0.11770611
1.842	0.1175698486
1.843	0.1174338958
1.844	0.1172982505
1.845	0.1171629117
1.846	0.1170278785
1.847	0.11689315
1.848	0.1167587245
1.849	0.1166246019
1.85	0.1164907811
1.851	0.1163572604
1.852	0.116224039
1.853	0.1160911165
1.854	0.115958492
1.855	0.1158261636
1.856	0.1156941307
1.857	0.115562393
1.858	0.1154309486
1.859	0.1152997973
1.86	0.1151689375
1.861	0.1150383688
1.862	0.11490809
1.863	0.1147781002
1.864	0.1146483986
1.865	0.1145189843
1.866	0.1143898554
1.867	0.1142610121
1.868	0.1141324533
1.869	0.1140041781
1.87	0.113876185
1.871	0.1137484741
1.872	0.1136210431
1.873	0.1134938925
1.874	0.1133670205
1.875	0.1132404266
1.876	0.1131141101
1.877	0.1129880694
1.878	0.1128623042
1.879	0.1127368135
1.88	0.1126115964
1.881	0.112486652
1.882	0.1123619795
1.883	0.1122375781
1.884	0.1121134466
1.885	0.1119895849
1.886	0.1118659906
1.887	0.1117426647
1.888	0.1116196049
1.889	0.1114968117
1.89	0.1113742831
1.891	0.1112520185
1.892	0.1111300173
1.893	0.1110082788
1.894	0.110886802
1.895	0.1107655865
1.896	0.1106446302
1.897	0.1105239336
1.898	0.1104034954
1.899	0.1102833149
1.9	0.110163391
1.901	0.1100437232
1.902	0.1099243109
1.903	0.1098051525
1.904	0.1096862479
1.905	0.1095675962
1.906	0.1094491968
1.907	0.109331048
1.908	0.1092131503
1.909	0.1090955017
1.91	0.1089781026
1.911	0.1088609516
1.912	0.1087440476
1.913	0.1086273899
1.914	0.1085109786
1.915	0.1083948122
1.916	0.1082788902
1.917	0.1081632117
1.918	0.1080477761
1.919	0.1079325826
1.92	0.1078176304
1.921	0.1077029188
1.922	0.1075884472
1.923	0.1074742149
1.924	0.1073602201
1.925	0.1072464635
1.926	0.107132944
1.927	0.1070196607
1.928	0.1069066124
1.929	0.1067937996
1.93	0.10668122
1.931	0.1065688741
1.932	0.106456761
1.933	0.1063448796
1.934	0.1062332297
1.935	0.1061218099
1.936	0.1060106201
1.937	0.1058996595
1.938	0.1057889273
1.939	0.1056784228
1.94	0.1055681453
1.941	0.1054580942
1.942	0.1053482688
1.943	0.1052386689
1.944	0.1051292923
1.945	0.1050201399
1.946	0.104911211
1.947	0.1048025032
1.948	0.1046940177
1.949	0.1045857534
1.95	0.1044777089
1.951	0.1043698844
1.952	0.104262279
1.953	0.1041548916
1.954	0.1040477221
1.955	0.1039407697
1.956	0.1038340334
1.957	0.1037275131
1.958	0.1036212081
1.959	0.103515117
1.96	0.1034092405
1.961	0.1033035765
1.962	0.1031981255
1.963	0.1030928861
1.964	0.1029878586
1.965	0.1028830411
1.966	0.1027784339
1.967	0.1026740363
1.968	0.1025698474
1.969	0.1024658668
1.97	0.1023620938
1.971	0.1022585278
1.972	0.1021551682
1.973	0.1020520144
1.974	0.1019490658
1.975	0.1018463222
1.976	0.1017437817
1.977	0.101641445
1.978	0.1015393112
1.979	0.1014373796
1.98	0.1013356494
1.981	0.1012341204
1.982	0.1011327919
1.983	0.1010316631
1.984	0.1009307336
1.985	0.1008300029
1.986	0.1007294703
1.987	0.1006291352
1.988	0.1005289973
1.989	0.1004290555
1.99	0.1003293096
1.991	0.1002297591
1.992	0.1001304035
1.993	0.1000312415
1.994	0.09993227354
1.995	0.09983349839
1.996	0.09973491582
1.997	0.09963652518
1.998	0.09953832593
1.999	0.09944031769
2	0.09934249936
2.001	0.099244871
2.002	0.09914743177
2.003	0.09905018123
2.004	0.09895311884
2.005	0.09885624433
2.006	0.09875955619
2.007	0.09866305492
2.008	0.09856673986
2.009	0.09847060999
2.01	0.09837466534
2.011	0.09827890444
2.012	0.09818332785
2.013	0.09808793503
2.014	0.09799272445
2.015	0.09789769658
2.016	0.09780284999
2.017	0.09770818498
2.018	0.097613701
2.019	0.09751939697
2.02	0.0974252733
2.021	0.09733132803
2.022	0.09723756197
2.023	0.09714397443
2.024	0.09705056413
2.025	0.09695733136
2.026	0.0968642754
2.027	0.09677139565
2.028	0.09667869167
2.029	0.09658616301
2.03	0.09649380916
2.031	0.09640162961
2.032	0.0963096239
2.033	0.09621779187
2.034	0.09612613235
2.035	0.09603464491
2.036	0.09594332969
2.037	0.0958521859
2.038	0.09576121334
2.039	0.09567041071
2.04	0.09557977867
2.041	0.09548931597
2.042	0.0953990218
2.043	0.09530889694
2.044	0.09521893967
2.045	0.09512915034
2.046	0.09503952823
2.047	0.0949500733
2.048	0.09486078413
2.049	0.09477166074
2.05	0.09468270276
2.051	0.09459390987
2.052	0.09450528144
2.053	0.09441681704
2.054	0.09432851623
2.055	0.09424037856
2.056	0.09415240357
2.057	0.09406459122
2.058	0.09397693993
2.059	0.0938894505
2.06	0.09380212169
2.061	0.0937149535
2.062	0.09362794546
2.063	0.0935410969
2.064	0.09345440759
2.065	0.09336787705
2.066	0.09328150481
2.067	0.09319529047
2.068	0.09310923376
2.069	0.09302333417
2.07	0.09293759083
2.071	0.09285200399
2.072	0.09276657237
2.073	0.09268129651
2.074	0.09259617559
2.075	0.09251120956
2.076	0.09242639704
2.077	0.09234173859
2.078	0.09225723314
2.079	0.09217288063
2.08	0.09208868066
2.081	0.09200463277
2.082	0.0919207365
2.083	0.09183699176
2.084	0.09175339774
2.085	0.09166995365
2.086	0.09158665999
2.087	0.09150351605
2.088	0.0914205212
2.089	0.09133767535
2.09	0.09125497787
2.091	0.09117242843
2.092	0.09109002704
2.093	0.09100777222
2.094	0.09092566496
2.095	0.0908437036
2.096	0.09076188865
2.097	0.09068021945
2.098	0.09059869557
2.099	0.09051731666
2.1	0.09043608254
2.101	0.09035499222
2.102	0.09027404624
2.103	0.09019324311
2.104	0.09011258334
2.105	0.09003206658
2.106	0.08995169158
2.107	0.08987145862
2.108	0.08979136739
2.109	0.08971141736
2.11	0.08963160846
2.111	0.08955193953
2.112	0.08947241092
2.113	0.0893930223
2.114	0.08931377273
2.115	0.08923466202
2.116	0.08915569026
2.117	0.08907685668
2.118	0.08899816114
2.119	0.08891960311
2.12	0.08884118232
2.121	0.08876289852
2.122	0.08868475118
2.123	0.08860673979
2.124	0.08852886454
2.125	0.08845112441
2.126	0.08837351991
2.127	0.08829604949
2.128	0.08821871402
2.129	0.08814151224
2.13	0.08806444439
2.131	0.08798751006
2.132	0.08791070848
2.133	0.08783403983
2.134	0.0877575034
2.135	0.08768109913
2.136	0.08760482664
2.137	0.08752868512
2.138	0.08745267484
2.139	0.08737679524
2.14	0.087301046
2.141	0.08722542691
2.142	0.08714993757
2.143	0.08707457734
2.144	0.08699934624
2.145	0.08692424376
2.146	0.08684926937
2.147	0.0867744236
2.148	0.08669970505
2.149	0.08662511416
2.15	0.08655065064
2.151	0.0864763133
2.152	0.08640210269
2.153	0.08632801821
2.154	0.08625405953
2.155	0.08618022634
2.156	0.08610651833
2.157	0.08603293533
2.158	0.08595947656
2.159	0.08588614225
2.16	0.08581293172
2.161	0.08573984504
2.162	0.08566688166
2.163	0.08559404078
2.164	0.08552132291
2.165	0.08544872746
2.166	0.08537625414
2.167	0.08530390268
2.168	0.08523167231
2.169	0.08515956318
2.17	0.08508757503
2.171	0.08501570745
2.172	0.08494396039
2.173	0.08487233302
2.174	0.08480082508
2.175	0.084729437
2.176	0.08465816779
2.177	0.08458701706
2.178	0.08451598541
2.179	0.08444507131
2.18	0.08437427543
2.181	0.08430359717
2.182	0.08423303623
2.183	0.08416259235
2.184	0.08409226545
2.185	0.08402205447
2.186	0.08395195994
2.187	0.0838819813
2.188	0.08381211853
2.189	0.08374237055
2.19	0.08367273788
2.191	0.08360322006
2.192	0.08353381651
2.193	0.08346452733
2.194	0.08339535194
2.195	0.08332629049
2.196	0.08325734192
2.197	0.08318850683
2.198	0.08311978426
2.199	0.08305117437
2.2	0.08298267675
2.201	0.08291429115
2.202	0.0828460172
2.203	0.08277785473
2.204	0.08270980345
2.205	0.08264186329
2.206	0.08257403334
2.207	0.08250631398
2.208	0.08243870473
2.209	0.08237120535
2.21	0.08230381559
2.211	0.08223653497
2.212	0.08216936361
2.213	0.08210230087
2.214	0.08203534688
2.215	0.08196850083
2.216	0.08190176315
2.217	0.08183513301
2.218	0.08176861012
2.219	0.0817021949
2.22	0.08163588629
2.221	0.08156968466
2.222	0.08150358929
2.223	0.08143760028
2.224	0.08137171715
2.225	0.08130593976
2.226	0.08124026783
2.227	0.08117470119
2.228	0.08110923931
2.229	0.08104388223
2.23	0.0809786296
2.231	0.08091348129
2.232	0.08084843671
2.233	0.08078349598
2.234	0.08071865889
2.235	0.08065392461
2.236	0.08058929358
2.237	0.08052476519
2.238	0.08046033956
2.239	0.08039601576
2.24	0.08033179418
2.241	0.08026767428
2.242	0.08020365609
2.243	0.08013973893
2.244	0.08007592297
2.245	0.08001220792
2.246	0.07994859336
2.247	0.07988507902
2.248	0.07982166491
2.249	0.07975835077
2.25	0.07969513605
2.251	0.07963202085
2.252	0.07956900482
2.253	0.07950608777
2.254	0.07944326937
2.255	0.07938054959
2.256	0.07931792808
2.257	0.07925540434
2.258	0.07919297845
2.259	0.07913065039
2.26	0.0790684194
2.261	0.07900628549
2.262	0.07894424871
2.263	0.07888230838
2.264	0.07882046484
2.265	0.07875871728
2.266	0.07869706549
2.267	0.07863550966
2.268	0.07857404943
2.269	0.07851268453
2.27	0.07845141482
2.271	0.07839023995
2.272	0.0783291597
2.273	0.07826817388
2.274	0.07820728239
2.275	0.07814648488
2.276	0.0780857812
2.277	0.07802517112
2.278	0.07796465444
2.279	0.07790423089
2.28	0.07784390031
2.281	0.07778366253
2.282	0.07772351716
2.283	0.07766346425
2.284	0.07760350328
2.285	0.0775436343
2.286	0.07748385716
2.287	0.07742417134
2.288	0.07736457666
2.289	0.07730507314
2.29	0.07724566051
2.291	0.07718633863
2.292	0.07712710717
2.293	0.07706796584
2.294	0.07700891445
2.295	0.07694995302
2.296	0.0768910813
2.297	0.07683229885
2.298	0.07677360589
2.299	0.07671500167
2.3	0.07665648628
2.301	0.07659805979
2.302	0.07653972146
2.303	0.07648147131
2.304	0.0764233093
2.305	0.07636523512
2.306	0.07630724859
2.307	0.07624934962
2.308	0.07619153758
2.309	0.07613381291
2.31	0.07607617474
2.311	0.07601862346
2.312	0.07596115865
2.313	0.07590377991
2.314	0.0758464876
2.315	0.07578928071
2.316	0.07573215986
2.317	0.07567512427
2.318	0.07561817412
2.319	0.07556130907
2.32	0.07550452898
2.321	0.07544783359
2.322	0.0753912228
2.323	0.07533469638
2.324	0.07527825403
2.325	0.07522189575
2.326	0.07516562127
2.327	0.07510943041
2.328	0.07505332299
2.329	0.07499729882
2.33	0.07494135772
2.331	0.07488549964
2.332	0.07482972399
2.333	0.07477403123
2.334	0.07471842056
2.335	0.07466289184
2.336	0.07460744531
2.337	0.0745520806
2.338	0.07449679753
2.339	0.07444159582
2.34	0.07438647538
2.341	0.07433143605
2.342	0.07427647765
2.343	0.07422160002
2.344	0.07416680276
2.345	0.07411208601
2.346	0.07405744941
2.347	0.07400289286
2.348	0.07394841625
2.349	0.07389401913
2.35	0.07383970165
2.351	0.07378546348
2.352	0.07373130452
2.353	0.07367722432
2.354	0.07362322308
2.355	0.07356930055
2.356	0.07351545651
2.357	0.07346169055
2.358	0.07340800287
2.359	0.07335439324
2.36	0.07330086124
2.361	0.07324740691
2.362	0.07319403007
2.363	0.07314073053
2.364	0.07308750811
2.365	0.07303436265
2.366	0.07298129399
2.367	0.07292830195
2.368	0.07287538661
2.369	0.0728225472
2.37	0.07276978403
2.371	0.0727170969
2.372	0.07266448549
2.373	0.07261194979
2.374	0.07255948966
2.375	0.07250710478
2.376	0.07245479507
2.377	0.07240256031
2.378	0.07235040042
2.379	0.07229831519
2.38	0.07224630454
2.381	0.07219436838
2.382	0.07214250613
2.383	0.07209071821
2.384	0.07203900404
2.385	0.07198736352
2.386	0.07193579689
2.387	0.07188430334
2.388	0.07183288318
2.389	0.0717815361
2.39	0.07173026205
2.391	0.07167906089
2.392	0.07162793218
2.393	0.07157687616
2.394	0.07152589227
2.395	0.07147498081
2.396	0.07142414104
2.397	0.07137337339
2.398	0.07132267749
2.399	0.07127205307
2.4	0.07122150015
2.401	0.0711710186
2.402	0.07112060821
2.403	0.07107026849
2.404	0.07101999987
2.405	0.07096980199
2.406	0.07091967434
2.407	0.07086961726
2.408	0.07081963043
2.409	0.07076971385
2.41	0.07071986695
2.411	0.07067009009
2.412	0.07062038263
2.413	0.07057074487
2.414	0.07052117642
2.415	0.07047167719
2.416	0.07042224706
2.417	0.07037288606
2.418	0.07032359351
2.419	0.07027436973
2.42	0.0702252145
2.421	0.07017612767
2.422	0.07012710901
2.423	0.07007815842
2.424	0.07002927592
2.425	0.06998046099
2.426	0.06993171394
2.427	0.06988303421
2.428	0.06983442197
2.429	0.06978587696
2.43	0.06973739917
2.431	0.06968898814
2.432	0.06964064407
2.433	0.06959236664
2.434	0.06954415595
2.435	0.06949601152
2.436	0.0694479332
2.437	0.0693999212
2.438	0.06935197522
2.439	0.06930409509
2.44	0.06925628072
2.441	0.06920853195
2.442	0.06916084865
2.443	0.06911323079
2.444	0.06906567796
2.445	0.06901819026
2.446	0.06897076752
2.447	0.06892340958
2.448	0.06887611633
2.449	0.06882888761
2.45	0.06878172347
2.451	0.06873462342
2.452	0.06868758741
2.453	0.06864061556
2.454	0.0685937076
2.455	0.0685468634
2.456	0.06850008283
2.457	0.06845336581
2.458	0.06840671214
2.459	0.06836012173
2.46	0.06831359432
2.461	0.06826713014
2.462	0.06822072856
2.463	0.06817438984
2.464	0.06812811369
2.465	0.06808190004
2.466	0.06803574884
2.467	0.06798965973
2.468	0.06794363285
2.469	0.06789766786
2.47	0.06785176481
2.471	0.06780592342
2.472	0.06776014368
2.473	0.06771442543
2.474	0.06766876855
2.475	0.06762317291
2.476	0.06757763842
2.477	0.06753216502
2.478	0.06748675222
2.479	0.06744140046
2.48	0.06739610917
2.481	0.06735087832
2.482	0.06730570797
2.483	0.06726059789
2.484	0.06721554812
2.485	0.06717055807
2.486	0.06712562809
2.487	0.06708075791
2.488	0.06703594739
2.489	0.0669911965
2.49	0.06694650495
2.491	0.06690187278
2.492	0.06685729975
2.493	0.06681278587
2.494	0.06676833096
2.495	0.06672393488
2.496	0.06667959752
2.497	0.06663531886
2.498	0.0665910986
2.499	0.0665469368
2.5	0.06650283325
2.501	0.06645878788
2.502	0.06641480064
2.503	0.06637087125
2.504	0.06632699969
2.505	0.06628318571
2.506	0.06623942944
2.507	0.0661957307
2.508	0.06615208922
2.509	0.06610850504
2.51	0.06606497801
2.511	0.06602150807
2.512	0.06597809493
2.513	0.06593473867
2.514	0.0658914391
2.515	0.06584819618
2.516	0.06580500961
2.517	0.06576187952
2.518	0.0657188057
2.519	0.06567578799
2.52	0.06563282617
2.521	0.06558992041
2.522	0.06554707049
2.523	0.06550427627
2.524	0.06546153763
2.525	0.06541885453
2.526	0.06537622677
2.527	0.06533365444
2.528	0.06529113715
2.529	0.06524867484
2.53	0.0652062676
2.531	0.06516391527
2.532	0.06512161772
2.533	0.0650793746
2.534	0.06503718615
2.535	0.06499505214
2.536	0.06495297254
2.537	0.06491094703
2.538	0.06486897568
2.539	0.06482705838
2.54	0.06478519498
2.541	0.0647433854
2.542	0.06470162949
2.543	0.06465992725
2.544	0.06461827854
2.545	0.06457668311
2.546	0.06453514114
2.547	0.06449365217
2.548	0.06445221634
2.549	0.06441083352
2.55	0.06436950362
2.551	0.06432822662
2.552	0.06428700209
2.553	0.06424583025
2.554	0.06420471091
2.555	0.0641636441
2.556	0.0641226293
2.557	0.06408166684
2.558	0.06404075652
2.559	0.0639998982
2.56	0.06395909159
2.561	0.06391833688
2.562	0.06387763389
2.563	0.0638369825
2.564	0.0637963826
2.565	0.06375583417
2.566	0.06371533696
2.567	0.06367489098
2.568	0.06363449623
2.569	0.06359415235
2.57	0.06355385938
2.571	0.06351361731
2.572	0.06347342595
2.573	0.06343328529
2.574	0.06339319507
2.575	0.06335315533
2.576	0.06331316608
2.577	0.06327322696
2.578	0.06323333788
2.579	0.063193499
2.58	0.06315371005
2.581	0.06311397102
2.582	0.06307428187
2.583	0.06303464234
2.584	0.06299505226
2.585	0.06295551189
2.586	0.06291602078
2.587	0.06287657908
2.588	0.06283718661
2.589	0.06279784332
2.59	0.06275854907
2.591	0.06271930382
2.592	0.06268010733
2.593	0.06264095961
2.594	0.06260186068
2.595	0.06256281015
2.596	0.06252380826
2.597	0.06248485478
2.598	0.06244594973
2.599	0.06240709271
2.6	0.06236828405
2.601	0.0623295233
2.602	0.06229081058
2.603	0.06225214563
2.604	0.06221352857
2.605	0.0621749592
2.606	0.06213643745
2.607	0.06209796323
2.608	0.06205953645
2.609	0.06202115708
2.61	0.0619828249
2.611	0.06194454001
2.612	0.06190630209
2.613	0.06186811112
2.614	0.06182996723
2.615	0.06179187013
2.616	0.06175381973
2.617	0.06171581595
2.618	0.06167785887
2.619	0.06163994826
2.62	0.06160208401
2.621	0.06156426601
2.622	0.06152649438
2.623	0.06148876881
2.624	0.06145108939
2.625	0.06141345595
2.626	0.06137586843
2.627	0.06133832658
2.628	0.06130083056
2.629	0.0612633802
2.63	0.06122597542
2.631	0.0611886161
2.632	0.0611513022
2.633	0.06111403368
2.634	0.06107681034
2.635	0.06103963207
2.636	0.06100249899
2.637	0.06096541095
2.638	0.06092836769
2.639	0.06089136929
2.64	0.06085441563
2.641	0.06081750669
2.642	0.06078064234
2.643	0.06074382244
2.644	0.060707047
2.645	0.06067031601
2.646	0.0606336291
2.647	0.06059698647
2.648	0.06056038795
2.649	0.06052383348
2.65	0.06048732292
2.651	0.06045085627
2.652	0.06041443338
2.653	0.06037805431
2.654	0.06034171869
2.655	0.06030542685
2.656	0.06026917823
2.657	0.06023297321
2.658	0.06019681145
2.659	0.06016069287
2.66	0.06012461754
2.661	0.06008858528
2.662	0.06005259614
2.663	0.06001664976
2.664	0.05998074633
2.665	0.0599448857
2.666	0.05990906787
2.667	0.05987329253
2.668	0.05983755971
2.669	0.05980186953
2.67	0.05976622161
2.671	0.05973061619
2.672	0.05969505284
2.673	0.05965953176
2.674	0.05962405279
2.675	0.05958861586
2.676	0.05955322088
2.677	0.05951786787
2.678	0.05948255659
2.679	0.05944728697
2.68	0.05941205921
2.681	0.05937687281
2.682	0.05934172812
2.683	0.0593066248
2.684	0.05927156275
2.685	0.05923654216
2.686	0.05920156276
2.687	0.05916662443
2.688	0.05913172725
2.689	0.05909687102
2.69	0.05906205573
2.691	0.05902728142
2.692	0.05899254778
2.693	0.05895785486
2.694	0.05892320274
2.695	0.05888859098
2.696	0.05885401991
2.697	0.05881948914
2.698	0.05878499883
2.699	0.05875054884
2.7	0.05871613895
2.701	0.05868176931
2.702	0.05864743977
2.703	0.05861315016
2.704	0.05857890058
2.705	0.05854469082
2.706	0.05851052089
2.707	0.05847639079
2.708	0.05844230019
2.709	0.0584082493
2.71	0.05837423789
2.711	0.05834026607
2.712	0.0583063335
2.713	0.05827244025
2.714	0.05823858629
2.715	0.05820477157
2.716	0.058170996
2.717	0.05813725933
2.718	0.05810356176
2.719	0.05806990308
2.72	0.05803628332
2.721	0.05800270227
2.722	0.05796916002
2.723	0.05793565627
2.724	0.05790219126
2.725	0.05786876466
2.726	0.05783537663
2.727	0.05780202686
2.728	0.05776871554
2.729	0.05773544244
2.73	0.0577022074
2.731	0.05766901059
2.732	0.05763585184
2.733	0.05760273108
2.734	0.05756964825
2.735	0.05753660328
2.736	0.05750359613
2.737	0.05747062668
2.738	0.05743769502
2.739	0.05740480087
2.74	0.05737194416
2.741	0.05733912503
2.742	0.05730634331
2.743	0.05727359901
2.744	0.05724089193
2.745	0.05720822207
2.746	0.05717558937
2.747	0.05714299378
2.748	0.05711043518
2.749	0.05707791357
2.75	0.05704542892
2.751	0.05701298102
2.752	0.05698057002
2.753	0.05694819567
2.754	0.05691585797
2.755	0.05688355691
2.756	0.05685129241
2.757	0.05681906427
2.758	0.05678687267
2.759	0.05675471731
2.76	0.05672259832
2.761	0.05669051552
2.762	0.05665846889
2.763	0.05662645843
2.764	0.05659448391
2.765	0.05656254542
2.766	0.05653064286
2.767	0.05649877617
2.768	0.05646694535
2.769	0.05643515016
2.77	0.05640339073
2.771	0.05637166684
2.772	0.05633997859
2.773	0.05630832584
2.774	0.05627670849
2.775	0.05624512653
2.776	0.0562135799
2.777	0.05618206854
2.778	0.05615059241
2.779	0.05611915147
2.78	0.05608774561
2.781	0.05605637468
2.782	0.05602503885
2.783	0.05599373779
2.784	0.05596247178
2.785	0.05593124041
2.786	0.05590004384
2.787	0.0558688819
2.788	0.05583775474
2.789	0.05580666194
2.79	0.05577560376
2.791	0.05574458004
2.792	0.05571359071
2.793	0.05568263573
2.794	0.05565171506
2.795	0.05562082854
2.796	0.05558997631
2.797	0.05555915804
2.798	0.05552837392
2.799	0.05549762379
2.8	0.05546690758
2.801	0.05543622528
2.802	0.05540557681
2.803	0.05537496218
2.804	0.05534438117
2.805	0.05531383385
2.806	0.05528332023
2.807	0.05525284003
2.808	0.0552223934
2.809	0.0551919803
2.81	0.05516160044
2.811	0.05513125403
2.812	0.05510094077
2.813	0.05507066082
2.814	0.05504041404
2.815	0.05501020048
2.816	0.05498001979
2.817	0.05494987219
2.818	0.05491975764
2.819	0.05488967589
2.82	0.05485962696
2.821	0.05482961087
2.822	0.05479962753
2.823	0.05476967686
2.824	0.05473975883
2.825	0.05470987345
2.826	0.05468002052
2.827	0.05465020004
2.828	0.05462041207
2.829	0.05459065638
2.83	0.05456093311
2.831	0.05453124199
2.832	0.05450158314
2.833	0.05447195649
2.834	0.05444236186
2.835	0.05441279934
2.836	0.05438326882
2.837	0.05435377025
2.838	0.05432430358
2.839	0.0542948688
2.84	0.05426546575
2.841	0.05423609447
2.842	0.0542067549
2.843	0.05417744698
2.844	0.05414817069
2.845	0.05411892584
2.846	0.05408971254
2.847	0.05406053066
2.848	0.05403138024
2.849	0.0540022611
2.85	0.05397317327
2.851	0.05394411662
2.852	0.05391509127
2.853	0.05388609698
2.854	0.05385713371
2.855	0.05382820156
2.856	0.05379930045
2.857	0.05377043018
2.858	0.05374159089
2.859	0.05371278245
2.86	0.05368400467
2.861	0.05365525777
2.862	0.05362654148
2.863	0.05359785584
2.864	0.05356920087
2.865	0.05354057636
2.866	0.05351198244
2.867	0.05348341885
2.868	0.0534548858
2.869	0.05342638297
2.87	0.05339791057
2.871	0.05336946827
2.872	0.05334105636
2.873	0.05331267443
2.874	0.0532843227
2.875	0.05325600104
2.876	0.05322770939
2.877	0.05319944771
2.878	0.05317121596
2.879	0.05314301409
2.88	0.05311484203
2.881	0.05308669975
2.882	0.05305858727
2.883	0.05303050444
2.884	0.05300245115
2.885	0.05297442757
2.886	0.05294643348
2.887	0.05291846888
2.888	0.05289053381
2.889	0.05286262812
2.89	0.05283475169
2.891	0.05280690468
2.892	0.05277908687
2.893	0.05275129832
2.894	0.05272353895
2.895	0.05269580871
2.896	0.05266810756
2.897	0.05264043542
2.898	0.0526127923
2.899	0.05258517812
2.9	0.05255759287
2.901	0.0525300365
2.902	0.05250250882
2.903	0.05247500998
2.904	0.05244753995
2.905	0.05242009843
2.906	0.05239268563
2.907	0.05236530145
2.908	0.0523379458
2.909	0.05231061859
2.91	0.05228331985
2.911	0.05225604954
2.912	0.0522288076
2.913	0.05220159398
2.914	0.05217440864
2.915	0.05214725154
2.916	0.05212012268
2.917	0.05209302185
2.918	0.05206594919
2.919	0.05203890461
2.92	0.05201188799
2.921	0.05198489937
2.922	0.05195793868
2.923	0.05193100588
2.924	0.05190410092
2.925	0.05187722377
2.926	0.0518503744
2.927	0.0518235527
2.928	0.05179675866
2.929	0.05176999227
2.93	0.05174325352
2.931	0.05171654221
2.932	0.05168985848
2.933	0.05166320221
2.934	0.05163657333
2.935	0.05160997177
2.936	0.05158339759
2.937	0.05155685076
2.938	0.05153033113
2.939	0.05150383864
2.94	0.05147737337
2.941	0.05145093526
2.942	0.05142452418
2.943	0.05139814016
2.944	0.05137178314
2.945	0.05134545313
2.946	0.05131914999
2.947	0.05129287366
2.948	0.05126662428
2.949	0.05124040157
2.95	0.05121420568
2.951	0.05118803652
2.952	0.05116189399
2.953	0.0511357782
2.954	0.05110968882
2.955	0.05108362608
2.956	0.05105758992
2.957	0.05103158009
2.958	0.05100559684
2.959	0.0509796398
2.96	0.05095370922
2.961	0.05092780492
2.962	0.0509019269
2.963	0.05087607514
2.964	0.05085024948
2.965	0.05082445005
2.966	0.05079867672
2.967	0.0507729294
2.968	0.05074720815
2.969	0.05072151296
2.97	0.05069584359
2.971	0.05067020019
2.972	0.05064458269
2.973	0.05061899098
2.974	0.05059342509
2.975	0.05056788495
2.976	0.05054237058
2.977	0.05051688179
2.978	0.05049141869
2.979	0.05046598121
2.98	0.05044056926
2.981	0.05041518285
2.982	0.05038982192
2.983	0.05036448645
2.984	0.05033917642
2.985	0.05031389169
2.986	0.05028863233
2.987	0.05026339833
2.988	0.05023818946
2.989	0.05021300594
2.99	0.05018784754
2.991	0.05016271421
2.992	0.05013760606
2.993	0.05011252298
2.994	0.05008746493
2.995	0.05006243188
2.996	0.05003742378
2.997	0.0500124406
2.998	0.04998748234
2.999	0.04996254886
3	0.04993764023
