0.01	-1
0.011	1
0.012	-1
0.013	-1
0.014	1
0.015	1
0.016	-1
0.017	1
0.018	-1
0.019	1
0.02	-1
0.021	1
0.022	1
0.023	1
0.024	-1
0.025	1
0.026	1
0.027	-1
0.028	-1
0.029	1
0.03	1
0.031	1
0.032	1
0.033	1
0.034	1
0.035	1
0.036	1
0.037	1
0.038	-1
0.039	-1
0.04	1
0.041	1
0.042	-1
0.043	1
0.044	1
0.045	1
0.046	-1
0.047	-1
0.048	1
0.049	-1
0.05	1
0.051	1
0.052	-1
0.053	1
0.054	-1
0.055	1
0.056	1
0.057	1
0.058	1
0.059	-1
0.06	1
0.061	1
0.062	-1
0.063	1
0.064	1
0.065	1
0.066	1
0.067	1
0.068	1
0.069	1
0.07	1
0.071	1
0.072	1
0.073	1
0.074	1
0.075	1
0.076	1
0.077	1
0.078	1
0.079	1
0.08	1
0.081	1
0.082	-0.9999999999
0.083	0.9999999999
0.084	0.9999999999
0.085	0.9999999999
0.086	0.9999999998
0.087	0.9999999998
0.088	0.9999999997
0.089	0.9999999997
0.09	0.9999999996
0.091	0.9999999994
0.092	0.9999999993
0.093	0.9999999991
0.094	0.9999999988
0.095	0.9999999986
0.096	0.9999999982
0.097	0.9999999978
0.098	0.9999999973
0.099	0.9999999966
0.1	-0.9999999959
0.101	0.999999995
0.102	-0.9999999939
0.103	0.9999999926
0.104	0.9999999911
0.105	0.9999999893
0.106	0.9999999872
0.107	0.9999999847
0.108	0.9999999819
0.109	-0.9999999785
0.11	-0.9999999746
0.111	-0.9999999701
0.112	-0.9999999649
0.113	0.9999999588
0.114	0.9999999519
0.115	0.999999944
0.116	1.464308208e-17
0.117	0.9999999246
0.118	-0.9999999129
0.119	0.9999998995
0.12	-0.9999998844
0.121	0.9999998674
0.122	0.9999998481
0.123	-0.9999998265
0.124	-0.9999998022
0.125	0.9999997749
0.126	0.9999997445
0.127	-0.9999997104
0.128	0.9999996725
0.129	-0.9999996304
0.13	-0.9999995835
0.131	0.9999995316
0.132	-0.9999994742
0.133	0.9999994108
0.134	-0.9999993408
0.135	0.9999992637
0.136	0.999999179
0.137	-0.9999990859
0.138	0.999998984
0.139	0.9999988723
0.14	-0.9999987502
0.141	-3.407984124e-22
0.142	0.9999984717
0.143	0.9999983135
0.144	-0.9999981415
0.145	0.9999979546
0.146	0.999997752
0.147	0.9999975324
0.148	-0.9999972948
0.149	0.999997038
0.15	0.9999967607
0.151	-0.9999964616
0.152	0.9999961394
0.153	0.9999957927
0.154	0.99999542
0.155	-0.9999950197
0.156	0.9999945902
0.157	0.9999941299
0.158	0.999993637
0.159	-1.374840353e-19
0.16	-0.999992546
0.161	-0.9999919442
0.162	0.9999913021
0.163	-0.9999906177
0.164	0.9999898887
0.165	0.999989113
0.166	0.9999882882
0.167	0.9999874119
0.168	-0.9999864816
0.169	0.9999854949
0.17	0.999984449
0.171	-0.9999833412
0.172	0.9999821688
0.173	0.9999809289
0.174	0.9999796185
0.175	-2.91521737e-13
0.176	0.999976774
0.177	0.9999752336
0.178	0.99997361
0.179	-0.9999718999
0.18	0.9999700998
0.181	-0.9999682063
0.182	0.9999662155
0.183	-0.9999641239
0.184	0.9999619277
0.185	-0.9999596229
0.186	-0.9999572056
0.187	0.9999546716
0.188	0.999952017
0.189	0.9999492375
0.19	0.9999463286
0.191	-0.9999432861
0.192	0.9999401055
0.193	0.9999367821
0.194	-0.9999333114
0.195	0.9999296886
0.196	0.9999259089
0.197	-1.380146366e-11
0.198	2.324173636e-13
0.199	0.9999135789
0.2	0.9999091217
0.201	0.9999044823
0.202	-1.454237928e-12
0.203	0.9998946355
0.204	-0.9998894172
0.205	-0.999883995
0.206	0.9998783631
0.207	0.9998725161
0.208	0.9998664481
0.209	-3.143286328e-23
0.21	0.9998536254
0.211	0.9998468589
0.212	0.9998398475
0.213	0.9998325852
0.214	-0.9998250656
0.215	0.9998172826
0.216	0.9998092298
0.217	2.316105715e-21
0.218	-0.9997922891
0.219	0.9997833881
0.22	0.9997741912
0.221	-0.9997646919
0.222	0.9997548834
0.223	0.9997447587
0.224	-0.9997343112
0.225	-0.999723534
0.226	0.9997124199
0.227	-0.9997009621
0.228	0.9996891535
0.229	0.9996769869
0.23	0.9996644552
0.231	0.9996515511
0.232	-0.9996382673
0.233	-0.9996245965
0.234	-0.9996105314
0.235	-0.9995960645
0.236	0.9995811884
0.237	0.9995658955
0.238	-0.9995501782
0.239	-0.9995340292
0.24	0.9995174404
0.241	0.9995004045
0.242	0.9994829137
0.243	0.9994649602
0.244	0.9994465363
0.245	0.999427634
0.246	0.9994082457
0.247	0.9993883633
0.248	0.9993679791
0.249	0.999347085
0.25	0.999325673
0.251	0.9993037353
0.252	-0.9992812637
0.253	0.9992582501
0.254	0.9992346868
0.255	-0.9992105652
0.256	0.9991858776
0.257	0.9991606154
0.258	0.999134771
0.259	0.9991083359
0.26	0.999081302
0.261	-0.9990536611
0.262	0.9990254048
0.263	-0.9989965251
0.264	0.9989670137
0.265	0.9989368623
0.266	-0.9989060627
0.267	0.9988746065
0.268	-0.9988424854
0.269	-6.6174449e-24
0.27	-0.9987762156
0.271	-5.451495578e-16
0.272	0.9987071868
0.273	0.9986716172
0.274	2.283018491e-22
0.275	0.9985983248
0.276	-0.9985605858
0.277	0.9985221071
0.278	0.9984828804
0.279	0.9984428974
0.28	-0.9984021497
0.281	0.9983606287
0.282	-0.9983183267
0.283	0.9982752348
0.284	0
0.285	0.9981866485
0.286	-0.9981411377
0.287	-0.998094804
0.288	0.998047639
0.289	-0.9979996346
0.29	-0.9979507822
0.291	0.9979010739
0.292	0.9978505016
0.293	-0.9977990563
0.294	-0.9977467302
0.295	-0.9976935153
0.296	0.997639403
0.297	0.9975843849
0.298	-0.9975284535
0.299	0.9974716002
0.3	-1.292469707e-26
0.301	0.9973550958
0.302	0.9972954282
0.303	0.9972348056
0.304	5.02694996e-16
0.305	0.997110666
0.306	0.9970471317
0.307	0.996982611
0.308	0.9969170956
0.309	0.9968505773
0.31	-0.996783048
0.311	-0.9967145005
0.312	0.9966449255
0.313	0.9965743164
0.314	-0.9965026642
0.315	0.9964299614
0.316	-0.9963562009
0.317	0.996281373
0.318	-3.430483436e-20
0.319	0.9961284883
0.32	0.9960504153
0.321	-0.9959712437
0.322	-0.9958909673
0.323	-0.9958095782
0.324	0.9957270676
0.325	-0.995643429
0.326	-0.995558654
0.327	-7.634592272e-12
0.328	0.9953856646
0.329	0.9952974351
0.33	0.9952080392
0.331	0.9951174685
0.332	2.481541838e-24
0.333	-0.9949327749
0.334	0.9948386361
0.335	0.9947432934
0.336	8.271806126e-24
0.337	-0.9945489656
0.338	-2.53051093e-19
0.339	-0.9943497307
0.34	-3.231174268e-27
0.341	0
0.342	2.045917926e-13
0.343	-0.9939363074
0.344	0.9938297933
0.345	5.127748066e-14
0.346	-0.9936129245
0.347	0.9935025557
0.348	0.9933908874
0.349	4.963083675e-24
0.35	-0.9931636247
0.351	0.9930480155
0.352	-2.867166716e-14
0.353	-0.9928128073
0.354	0.992693194
0.355	2.067951531e-25
0.356	-0.9924499149
0.357	-0.9923262338
0.358	6.6174449e-24
0.359	0.9920747564
0.36	-0.9919469469
0.361	0.9918177453
0.362	0.9916871471
0.363	-0.9915551463
0.364	0.991421733
0.365	-0.9912869026
0.366	-8.743607712e-14
0.367	0.9910129629
0.368	0.99087384
0.369	-0.9907332729
0.37	0.9905912544
0.371	1.113082777e-14
0.372	-6.558279649e-17
0.373	-5.994062533e-16
0.374	0.9900085383
0.375	-0.9898591663
0.376	0.9897083034
0.377	0.9895559431
0.378	0.9894020798
0.379	0.9892467077
0.38	0.9890898172
0.381	0.988931405
0.382	-0.988771464
0.383	0.9886099872
0.384	-0.9884469681
0.385	0.9882824013
0.386	-0.9881162803
0.387	0.9879485978
0.388	0.9877793485
0.389	0.9876085264
0.39	0.9874361246
0.391	0.9872621362
0.392	0.987086557
0.393	0.9869093797
0.394	0.9867305965
0.395	-0.986550204
0.396	0.986368195
0.397	0.9861845632
0.398	0.9859993046
0.399	0.985812409
0.4	-0.9856238716
0.401	-0.9854336894
0.402	-0.9852418543
0.403	-3.231174268e-27
0.404	0
0.405	0.9846563693
0.406	0.984457862
0.407	0.9842576723
0.408	0.9840557941
0.409	-0.9838522222
0.41	0.9836469484
0.411	0.9834399697
0.412	2.239449403e-13
0.413	0.9830208688
0.414	0.9828087354
0.415	-0.9825948728
0.416	0.9823792752
0.417	-0.9821619361
0.418	-0.9819428514
0.419	0.9817220114
0.42	0.9814994145
0.421	0.9812750535
0.422	0.9810489243
0.423	0.9808210165
0.424	-0.9805913304
0.425	-0.9803598549
0.426	1.303636645e-21
0.427	0
0.428	-0.9796546538
0.429	0.9794159763
0.43	0.9791754819
0.431	-2.125946818e-18
0.432	0.9786890276
0.433	0.9784430555
0.434	0.9781952459
0.435	0.9779455934
0.436	-0.9776940933
0.437	0.9774407374
0.438	-1.641126335e-21
0.439	0.9769284427
0.44	-0.9766694945
0.441	-0.9764086657
0.442	0.9761459582
0.443	0.9758813641
0.444	-1.222120312e-17
0.445	0.9753464877
0.446	0.9750761979
0.447	1.437224329e-17
0.448	-0.9745298863
0.449	0.9742538533
0.45	0.9739758961
0.451	0.9736960053
0.452	0.9734141793
0.453	0.9731304127
0.454	-0.9728446998
0.455	0.9725570309
0.456	-0.9722674073
0.457	-0.9719758193
0.458	4.860190348e-17
0.459	-0.971386731
0.46	0.9710892213
0.461	-1.884126129e-12
0.462	9.926167351e-24
0.463	0.970184761
0.464	-0.9698792767
0.465	0.9695717884
0.466	1.654361225e-24
0.467	-0.9689507711
0.468	-0.9686372317
0.469	0.968321664
0.47	-0.9680040635
0.471	-0.9676844248
0.472	0.9673627432
0.473	-0.9670390087
0.474	-0.9667132217
0.475	-0.9663853747
0.476	0.9660554629
0.477	0
0.478	2.584939414e-26
0.479	0.9650532821
0.48	-0.9647150543
0.481	0.9643747347
0.482	0.9640323199
0.483	-0.9636877993
0.484	-0.9633411727
0.485	3.323270241e-17
0.486	-0.9626415697
0.487	0.9622885847
0.488	2.543110545e-18
0.489	0.9615762219
0.49	8.470329473e-22
0.491	0.9608552953
0.492	0.9604916079
0.493	-0.9601257674
0.494	0.9597577609
0.495	0.9593875867
0.496	0.9590152414
0.497	7.842830118e-13
0.498	-0.9582640133
0.499	0.9578851146
0.5	0.9575040241
0.501	0.9571207351
0.502	0.9567352393
0.503	0.9563475316
0.504	0.955957609
0.505	-0.9555654675
0.506	-0.9551710934
0.507	0.9547744929
0.508	0.9543756477
0.509	0.953974562
0.51	0.9535712304
0.511	-0.9531656391
0.512	-2.312041685e-13
0.513	-0.9523476776
0.514	0.9519352898
0.515	0.9515206263
0.516	-0.951103683
0.517	-0.9506844493
0.518	0.9502629237
0.519	-0.9498390993
0.52	-3.231174268e-27
0.521	0.9489845309
0.522	-0.948553776
0.523	-5.169878828e-26
0.524	-0.9476853009
0.525	0.9472475628
0.526	0.9468074868
0.527	9.220693938e-13
0.528	0.9459203024
0.529	-0.9454731816
0.53	0.9450236951
0.531	5.700951863e-15
0.532	-0.94411762
0.533	-0.9436610189
0.534	0.9432020346
0.535	0.9427406569
0.536	0.9422768857
0.537	-0.9418107136
0.538	-1.751875893e-18
0.539	-0.9408711399
0.54	0.9403977278
0.541	0.9399218909
0.542	0.9394436251
0.543	-0.9389629196
0.544	-0.9384797718
0.545	0.9379941753
0.546	0.937506125
0.547	-0.9370156141
0.548	0.9365226395
0.549	-6.090844517e-17
0.55	0.9355292624
0.551	1.013813735e-15
0.552	-6.092242121e-16
0.553	0
0.554	-0.9335126349
0.555	0.9330022258
0.556	0.932489293
0.557	-0.9319738457
0.558	-0.9314558677
0.559	0.9309353532
0.56	0.9304123011
0.561	0.9298867026
0.562	-0.9293585546
0.563	-0.9288278408
0.564	0.9282945649
0.565	0.9277587172
0.566	-5.169878828e-26
0.567	-0.9266792805
0.568	-0.9261356795
0.569	-0.9255894797
0.57	-0.9250406813
0.571	-2.043466985e-19
0.572	0.923935231
0.573	-0.9233785789
0.574	-0.922819291
0.575	0.9222573721
0.576	0.9216928083
0.577	-0.9211255873
0.578	-0.9205557169
0.579	-5.892308465e-16
0.58	0.9194079736
0.581	0.9188300874
0.582	0.9182495171
0.583	0.9176662605
0.584	-0.917080301
0.585	-0.9164916382
0.586	0.9159002632
0.587	-0.9153061702
0.588	0.9147093517
0.589	-0.9141097999
0.59	0.9135075085
0.591	-0.91290247
0.592	-0.912294683
0.593	0.9116841234
0.594	-0.9110708044
0.595	-0.9104547037
0.596	3.06787862e-12
0.597	0.9092141489
0.598	-0.9085896823
0.599	-0.9079624048
0.6	0.9073323166
0.601	0.9066994091
0.602	-0.9060636785
0.603	0
0.604	0.9047836903
0.605	0
0.606	0.9034923052
0.607	0.902842318
0.608	0.9021894573
0.609	0.901533721
0.61	0.9008750854
0.611	-0.9002135571
0.612	-4.963083675e-24
0.613	1.838273254e-18
0.614	0.8982115118
0.615	0.8975383169
0.616	0.8968621845
0.617	0.8961831103
0.618	-0.8955010794
0.619	-0.8948160852
0.62	0.8941281305
0.621	3.231174268e-27
0.622	-0.8927432585
0.623	0.8920463444
0.624	0.8913464211
0.625	-0.8906434792
0.626	0.8899375228
0.627	0.8892285381
0.628	0.888516516
0.629	0.8878014479
0.63	-5.169878828e-26
0.631	-0.8863621416
0.632	-0.8856378792
0.633	-0.884910536
0.634	0.8841801049
0.635	0.8834465736
0.636	0.8827099367
0.637	0.8819701752
0.638	-1.925898812e-17
0.639	-0.8804812699
0.64	0.8797321052
0.641	0.8789797827
0.642	0.8782242992
0.643	0.8774656444
0.644	0.8767037997
0.645	-1.817988577e-13
0.646	-0.8751705261
0.647	0.8743990743
0.648	0.8736244027
0.649	0.8728465
0.65	-0.8720653555
0.651	0.8712809571
0.652	0.8704932985
0.653	0.869702368
0.654	0.8689081555
0.655	-0.8681106577
0.656	-8.271806126e-25
0.657	0.8665057265
0.658	-3.788176031e-12
0.659	-0.8648875072
0.66	0.8640733859
0.661	0.8632559033
0.662	0.8624350614
0.663	0.861610847
0.664	-0.8607832337
0.665	0.8599522333
0.666	0.8591178184
0.667	0.8582799776
0.668	-0.8574387147
0.669	0.8565939991
0.67	-5.169878828e-26
0.671	0.8548942064
0.672	0.8540391017
0.673	0.8531804978
0.674	-2.067951531e-25
0.675	0.85145279
0.676	0.8505836557
0.677	0.8497109852
0.678	-1.769261685e-13
0.679	-0.8479549952
0.68	0.8470716387
0.681	0
0.682	0.8452941678
0.683	0.8444000341
0.684	0.8435022611
0.685	-0.8426008613
0.686	0.8416958169
0.687	-0.8407871073
0.688	2.067951531e-25
0.689	0.8389586639
0.69	0.8380388939
0.691	-0.8371154151
0.692	0.8361882102
0.693	0.8352572658
0.694	-0.8343225685
0.695	-4.273336879e-12
0.696	0.8324418602
0.697	-4.890268488e-16
0.698	0.8305459741
0.699	-7.725575754e-18
0.7	0.8286347986
0.701	0.8276734417
0.702	-0.8267082196
0.703	3.761430932e-13
0.704	0.8247661218
0.705	-0.8237892181
0.706	0.8228083846
0.707	-0.8218236152
0.708	-0.8208348918
0.709	0.8198421978
0.71	-0.8188455192
0.711	-0.8178448489
0.712	0.8168401497
0.713	0.8158314169
0.714	-0.8148186414
0.715	0.8138018113
0.716	0.8127808823
0.717	5.169878828e-26
0.718	-5.783003945e-15
0.719	0.8096934771
0.72	0.8086560718
0.721	0.8076145028
0.722	0.8065687536
0.723	2.584939414e-26
0.724	2.843150059e-12
0.725	0.8034062512
0.726	0.8023436071
0.727	-0.8012766951
0.728	0.8002054973
0.729	0.7991299956
0.73	0.7980501715
0.731	-0.7969660071
0.732	-0.7958774842
0.733	-0.7947845805
0.734	-0.7936872903
0.735	0.7925855657
0.736	0.7914794146
0.737	0.7903688085
0.738	0.7892537278
0.739	-2.524656984e-12
0.74	-0.7870100624
0.741	0.7858814376
0.742	-2.028867525e-15
0.743	-0.7836105046
0.744	0.7824681492
0.745	0.7813211792
0.746	0.78016957
0.747	-0.7790133009
0.748	-1.105716809e-16
0.749	-0.7766866945
0.75	0.7755163139
0.751	-0.7743411852
0.752	0.773161286
0.753	-0.7719765955
0.754	-0.7707870876
0.755	0.7695927396
0.756	0.7683935276
0.757	-0.7671894312
0.758	0.7659804247
0.759	-0.7647664926
0.76	0.763547585
0.761	-0.7623237029
0.762	0.7610948129
0.763	0.7598608914
0.764	0.7586219086
0.765	-0.75737785
0.766	-0.7561286724
0.767	-0.7548743574
0.768	-0.753614884
0.769	-1.514541497e-16
0.77	0.7510803431
0.771	0.7498052213
0.772	-0.7485248286
0.773	-0.7472391372
0.774	-3.444882996e-18
0.775	0.7446517451
0.776	0.7433499873
0.777	0.7420428179
0.778	-0.7407302152
0.779	0.7394121163
0.78	0.7380885277
0.781	-0.7367594151
0.782	0.7354247213
0.783	0.7340844416
0.784	-0.7327385377
0.785	-0.7313869726
0.786	-0.7300297183
0.787	-5.790264288e-24
0.788	0.7272980226
0.789	0.7259235013
0.79	0.7245431464
0.791	0.7231569468
0.792	0.7217648562
0.793	-0.7203668398
0.794	-0.7189628622
0.795	0.7175528879
0.796	0.7161368812
0.797	-0.7147148133
0.798	0.7132866202
0.799	0.7118522936
0.8	0.7104117852
0.801	-0.7089650538
0.802	-0.707512065
0.803	0.7060527777
0.804	-2.648769435e-16
0.805	-0.7031151563
0.806	0.701636724
0.807	0.7001518393
0.808	-0.6986604519
0.809	0.6971625193
0.81	3.877409121e-26
0.811	-0.6941468463
0.812	-0.6926290191
0.813	-0.6911044697
0.814	0.6895731556
0.815	0.68803503
0.816	0.6864900465
0.817	0.6849381578
0.818	-0.6833793165
0.819	0
0.82	0.6802405852
0.821	0.6786605891
0.822	0.6770734465
0.823	-0.6754791027
0.824	0.6738775128
0.825	-0.6722686036
0.826	-0.6706523425
0.827	-0.6690286687
0.828	-0.6673975342
0.829	-0.6657588631
0.83	0.6641126194
0.831	0.6624587392
0.832	0.6607971645
0.833	-0.6591278364
0.834	-0.6574506952
0.835	0.6557656804
0.836	0.6540727404
0.837	-1.654361225e-24
0.838	-0.6506627745
0.839	-1.079967008e-20
0.84	1.654361225e-23
0.841	-0.6454867353
0.842	0.6437448332
0.843	0.641994532
0.844	0.6402357719
0.845	-0.6384684792
0.846	-0.6366925891
0.847	-0.634908008
0.848	0.6331146826
0.849	0.6313125309
0.85	0.6295014764
0.851	0.6276814414
0.852	0.6258523469
0.853	0.6240141234
0.854	-0.6221666612
0.855	-1.422750654e-22
0.856	-0.6184437483
0.857	3.231174268e-27
0.858	-2.150669593e-23
0.859	-0.6127881065
0.86	0.6108835268
0.861	-0.608969114
0.862	0.6070447759
0.863	0
0.864	-0.6031659357
0.865	0.6012112378
0.866	-0.5992462212
0.867	-2.773397628e-18
0.868	-0.5952848198
0.869	-0.5932882245
0.87	-0.591280889
0.871	-0.5892627229
0.872	-0.5872335537
0.873	-0.5851933269
0.874	-2.34588553e-14
0.875	-0.5810791705
0.876	0.5790050001
0.877	0.5769192705
0.878	0.5748218663
0.879	-0.5727126255
0.88	0.5705914569
0.881	0.5684581928
0.882	-0.5663127184
0.883	-0.5641548864
0.884	-0.5619845537
0.885	0.5598015744
0.886	0.5576057993
0.887	-0.5553970761
0.888	-0.553175249
0.889	-0.550940159
0.89	-0.5486916433
0.891	-0.5464295357
0.892	-0.5441536659
0.893	0.54186386
0.894	-0.5395599401
0.895	0.5372417238
0.896	-0.5349090247
0.897	0.5325616519
0.898	-0.5301994139
0.899	0.5278220986
0.9	-0.5254295127
0.901	-0.5230214419
0.902	0.5205976709
0.903	-0.5181579787
0.904	-0.5157021388
0.905	0.5132299187
0.906	0.51074108
0.907	0.5082353854
0.908	-0.5057125612
0.909	-0.5031723718
0.91	0.5006145578
0.911	0.4980388076
0.912	0.4954448804
0.913	-0.4928324754
0.914	0.4902012966
0.915	-0.4875510393
0.916	0.4848813902
0.917	0.4821920266
0.918	0.4794826161
0.919	0.4767528163
0.92	0.4740022743
0.921	-0.4712306264
0.922	1.971786822e-18
0.923	-0.4656224997
0.924	0.4627852341
0.925	0.4599252877
0.926	-0.4570422341
0.927	0.4541356326
0.928	-0.4512050274
0.929	-0.4482499473
0.93	0.4452699088
0.931	0.442264393
0.932	-0.4392328902
0.933	5.408860175e-16
0.934	0.4330897195
0.935	0.4299769049
0.936	0.4268358033
0.937	0.423665785
0.938	0.4204661952
0.939	-0.4172363529
0.94	-0.4139755496
0.941	-0.4106830469
0.942	-0.4073580757
0.943	-0.4039998358
0.944	0.4006074834
0.945	-0.3971801503
0.946	-0.3937169201
0.947	-0.3902168364
0.948	0.3866788978
0.949	-0.3831020548
0.95	0.3794852067
0.951	-0.3758271978
0.952	0.3721268137
0.953	-0.3683827766
0.954	-0.364593741
0.955	-0.3607582885
0.956	0.3568749218
0.957	0.3529420586
0.958	0.3489580245
0.959	0.3449210459
0.96	0.3408292406
0.961	-0.3366806091
0.962	0.3324730232
0.963	0.3282042149
0.964	-0.3238717627
0.965	0.3194730765
0.966	-0.3150053808
0.967	-0.3104656959
0.968	0.3058508152
0.969	-0.3011572814
0.97	-0.296381357
0.971	-0.2915189914
0.972	0.2865657842
0.973	0.2815169394
0.974	0.2763672148
0.975	0.2711108609
0.976	0.2657415514
0.977	0.260252289
0.978	-0.2546353208
0.979	0.2488819975
0.98	-0.2429826334
0.981	0.2369263167
0.982	0.2307006876
0.983	0.2242916506
0.984	0.2176829975
0.985	-0.2108559584
0.986	-0.2037885975
0.987	0.1964550005
0.988	-0.1888240449
0.989	0.1808582105
0.99	0.17251107
0.991	0.1637243659
0.992	-0.1544229108
0.993	-0.1445075213
0.994	0.1338417704
0.995	0.1222293352
0.996	0.1093691435
0.997	0.09475446678
0.998	0.07739778706
0.999	0.05475037615
1	0.0001614409831
1.001	4.746549401e-10
1.002	-1.861156378e-24
1.003	5.759870628e-15
1.004	7.848289652e-21
1.005	8.24752762e-15
1.006	-2.636638203e-24
1.007	2.035448863e-12
1.008	1.238084708e-12
1.009	1.426826647e-11
1.01	5.143766391e-18
1.011	1.217889027e-13
1.012	1.015742005e-15
1.013	3.534662018e-13
1.014	1.176889075e-13
1.015	1.25016642e-15
1.016	2.859831411e-15
1.017	7.068595824e-18
1.018	7.508940674e-12
1.019	7.066054725e-18
1.02	3.110199103e-22
1.021	5.377524191e-16
1.022	9.410006648e-21
1.023	2.503634575e-16
1.024	9.03007002e-17
1.025	-2.398823776e-23
1.026	3.221372178e-20
1.027	6.551270451e-22
1.028	7.670942129e-20
1.029	2.481541838e-23
1.03	6.286572655e-23
1.031	3.077111879e-22
1.032	1.866119462e-21
1.033	5.029258124e-21
1.034	1.565687463e-20
1.035	5.280721031e-21
1.036	1.132906567e-20
1.037	4.102815838e-22
1.038	1.621274001e-22
1.039	2.434160932e-19
1.04	-1.488925103e-23
1.041	1.555099552e-21
1.042	1.124965633e-22
1.043	1.861156378e-24
1.044	-1.137373342e-24
1.045	2.196991707e-21
1.046	2.584939414e-25
1.047	-8.271806126e-25
1.048	-3.30872245e-24
1.049	4.135903063e-24
1.05	-2.067951531e-24
1.051	4.049876279e-21
1.052	-3.805030818e-23
1.053	9.305781891e-25
1.054	9.859992902e-22
1.055	5.757177063e-22
1.056	3.30872245e-24
1.057	5.426304818e-22
1.058	-1.137373342e-24
1.059	-3.97046694e-23
1.06	0
1.061	4.135903063e-25
1.062	-1.033975766e-24
1.063	5.790264288e-23
1.064	-8.271806126e-25
1.065	7.36848195e-12
1.066	5.29395592e-23
1.067	1.654361225e-23
1.068	1.240770919e-24
1.069	1.091878409e-22
1.07	8.271806126e-25
1.071	4.135903063e-25
1.072	-6.203854594e-25
1.073	-8.271806126e-25
1.074	1.033975766e-24
1.075	-6.6174449e-24
1.076	2.067951531e-24
1.077	-8.271806126e-25
1.078	-2.067951531e-25
1.079	-1.292469707e-26
1.08	-2.067951531e-25
1.081	9.159495807e-14
1.082	-6.6174449e-24
1.083	0
1.084	4.38175112e-12
1.085	5.169878828e-26
1.086	-5.169878828e-26
1.087	-6.462348536e-26
1.088	6.203854594e-25
1.089	5.790264288e-24
1.09	-8.271806126e-25
1.091	-4.135903063e-25
1.092	-4.135903063e-24
1.093	-1.447566072e-24
1.094	7.820851646e-13
1.095	-8.271806126e-25
1.096	4.135903063e-24
1.097	-9.926167351e-24
1.098	7.483832889e-14
1.099	-4.135903063e-25
1.1	4.963083675e-24
1.101	-4.135903063e-25
1.102	2.423380701e-27
1.103	-4.135903063e-25
1.104	1.033975766e-25
1.105	2.067951531e-24
1.106	-8.271806126e-25
1.107	-4.846761402e-27
1.108	1.550963649e-25
1.109	-1.033975766e-25
1.11	6.462348536e-27
1.111	8.271806126e-25
1.112	3.420150515e-13
1.113	0
1.114	3.30872245e-24
1.115	-7.754818243e-26
1.116	4.135903063e-25
1.117	2.067951531e-25
1.118	2.688336991e-24
1.119	1.550963649e-25
1.12	-3.877409121e-26
1.121	-4.135903063e-25
1.122	-2.067951531e-25
1.123	-9.693522803e-27
1.124	2.067951531e-25
1.125	-8.271806126e-25
1.126	-3.231174268e-26
1.127	-4.135903063e-25
1.128	-9.04728795e-26
1.129	-2.584939414e-25
1.13	-1.292469707e-26
1.131	-1.292469707e-25
1.132	-1.550963649e-25
1.133	0
1.134	-1.292469707e-26
1.135	5.169878828e-26
1.136	0
1.137	-4.135903063e-25
1.138	1.033975766e-25
1.139	-1.615587134e-27
1.14	-4.135903063e-25
1.141	-1.033975766e-25
1.142	-2.584939414e-26
1.143	1.104974639e-14
1.144	-5.169878828e-26
1.145	2.584939414e-26
1.146	3.255092268e-12
1.147	-2.584939414e-26
1.148	7.754818243e-26
1.149	-1.292469707e-26
1.15	1.033975766e-25
1.151	-5.169878828e-26
1.152	-2.067951531e-25
1.153	-5.169878828e-26
1.154	2.657813843e-12
1.155	-2.584939414e-26
1.156	4.846761402e-27
1.157	1.596001719e-12
1.158	2.326445473e-25
1.159	6.565506534e-15
1.16	-6.462348536e-27
1.161	2.431882685e-12
1.162	1.033975766e-25
1.163	1.308978194e-12
1.164	-4.846761402e-27
1.165	-1.292469707e-26
1.166	4.135903063e-25
1.167	0
1.168	7.754818243e-26
1.169	-2.584939414e-26
1.17	-5.169878828e-26
1.171	-9.693522803e-27
1.172	-1.292469707e-26
1.173	-3.101927297e-25
1.174	0
1.175	-5.169878828e-26
1.176	1.926641979e-12
1.177	0
1.178	-1.130910994e-26
1.179	-1.033975766e-25
1.18	0
1.181	1.80945759e-25
1.182	-2.584939414e-26
1.183	2.584939414e-26
1.184	0
1.185	-6.462348536e-27
1.186	3.761741623e-13
1.187	5.169878828e-26
1.188	1.033975766e-25
1.189	3.252757696e-13
1.19	2.584939414e-26
1.191	9.054497468e-13
1.192	-1.033975766e-25
1.193	0
1.194	6.462348536e-26
1.195	2.584939414e-26
1.196	-3.877409121e-26
1.197	-3.231174268e-26
1.198	0
1.199	0
1.2	6.462348536e-27
1.201	-5.169878828e-26
1.202	2.869147655e-13
1.203	5.169878828e-26
1.204	2.424469384e-13
1.205	2.584939414e-26
1.206	7.666280398e-14
1.207	3.61891518e-25
1.208	2.326445473e-25
1.209	2.007770984e-14
1.21	0
1.211	1.615587134e-27
1.212	2.584939414e-26
1.213	1.21169035e-27
1.214	-6.462348536e-27
1.215	1.292469707e-26
1.216	0
1.217	-5.169878828e-26
1.218	0
1.219	-1.550963649e-25
1.22	3.877409121e-26
1.221	5.169878828e-26
1.222	-7.754818243e-26
1.223	1.592737593e-12
1.224	1.033975766e-25
1.225	-2.019483917e-27
1.226	5.733415587e-14
1.227	1.292469707e-26
1.228	-5.169878828e-26
1.229	0
1.23	-3.231174268e-27
1.231	9.707397375e-15
1.232	0
1.233	2.701458035e-13
1.234	-1.033975766e-25
1.235	2.24707873e-13
1.236	-1.292469707e-26
1.237	6.209652611e-13
1.238	-6.462348536e-27
1.239	-6.462348536e-27
1.24	-1.615587134e-27
1.241	4.340775515e-14
1.242	2.455567962e-13
1.243	-1.292469707e-26
1.244	2.584939414e-26
1.245	2.584939414e-26
1.246	0
1.247	-1.615587134e-26
1.248	0
1.249	1.867005628e-13
1.25	6.462348536e-27
1.251	7.754818243e-26
1.252	0
1.253	-1.615587134e-27
1.254	2.261821987e-26
1.255	-3.231174268e-27
1.256	-2.584939414e-26
1.257	0
1.258	8.837032533e-13
1.259	0
1.26	1.802316841e-13
1.261	1.449013503e-14
1.262	3.231174268e-27
1.263	-6.462348536e-27
1.264	0
1.265	-9.693522803e-27
1.266	6.462348536e-27
1.267	-3.231174268e-27
1.268	0
1.269	9.04025593e-13
1.27	-8.077935669e-28
1.271	-1.292469707e-26
1.272	0
1.273	1.292469707e-26
1.274	3.231174268e-27
1.275	0
1.276	-1.292469707e-26
1.277	1.110923351e-13
1.278	6.462348536e-27
1.279	1.615587134e-27
1.28	4.753732808e-13
1.281	-4.846761402e-27
1.282	-6.462348536e-27
1.283	0
1.284	4.038967835e-28
1.285	0
1.286	0
1.287	-1.292469707e-26
1.288	1.615587134e-27
1.289	-8.077935669e-28
1.29	-1.615587134e-27
1.291	0
1.292	1.615587134e-27
1.293	-3.231174268e-27
1.294	3.231174268e-27
1.295	0
1.296	3.231174268e-27
1.297	1.907456601e-13
1.298	-2.584939414e-26
1.299	0
1.3	9.693522803e-27
1.301	6.462348536e-27
1.302	-4.846761402e-27
1.303	-2.423380701e-27
1.304	0
1.305	3.231174268e-27
1.306	6.064332386e-18
1.307	1.25011343e-13
1.308	1.292469707e-26
1.309	-1.21169035e-27
1.31	3.231174268e-27
1.311	0
1.312	8.077935669e-28
1.313	0
1.314	6.508126828e-15
1.315	-6.462348536e-27
1.316	0
1.317	1.292469707e-26
1.318	1.292469707e-26
1.319	8.556539673e-13
1.32	1.292469707e-26
1.321	6.462348536e-27
1.322	-3.231174268e-27
1.323	3.231174268e-27
1.324	-1.615587134e-27
1.325	0
1.326	-2.019483917e-28
1.327	-1.292469707e-26
1.328	-3.877409121e-26
1.329	1.683613508e-16
1.33	-6.462348536e-27
1.331	-4.038967835e-28
1.332	-1.615587134e-27
1.333	-1.615587134e-27
1.334	1.749271572e-13
1.335	-6.058451752e-28
1.336	2.833961364e-13
1.337	0
1.338	1.292469707e-26
1.339	0
1.34	0
1.341	-1.292469707e-26
1.342	-6.462348536e-27
1.343	1.357112461e-14
1.344	1.21169035e-27
1.345	8.847454155e-13
1.346	-3.231174268e-27
1.347	0
1.348	0
1.349	-3.231174268e-27
1.35	-6.058451752e-28
1.351	-1.615587134e-27
1.352	-1.615587134e-27
1.353	3.835613874e-13
1.354	-1.615587134e-27
1.355	0
1.356	5.131586481e-14
1.357	3.099878346e-13
1.358	-2.019483917e-28
1.359	1.615587134e-27
1.36	3.231174268e-27
1.361	8.36219047e-14
1.362	6.462348536e-27
1.363	0
1.364	-1.615587134e-27
1.365	6.284897055e-14
1.366	8.231334586e-13
1.367	8.077935669e-28
1.368	-8.077935669e-28
1.369	0
1.37	5.180152775e-13
1.371	3.231174268e-27
1.372	1.879107221e-13
1.373	6.462348536e-27
1.374	8.763247831e-13
1.375	3.231174268e-27
1.376	0
1.377	3.831191007e-15
1.378	6.336799846e-13
1.379	-3.231174268e-27
1.38	-2.019483917e-28
1.381	6.462348536e-27
1.382	0
1.383	8.139781573e-13
1.384	3.620035857e-14
1.385	1.615587134e-27
1.386	4.038967835e-28
1.387	0
1.388	8.077935669e-28
1.389	0
1.39	1.938704561e-26
1.391	-1.615587134e-26
1.392	8.570533741e-13
1.393	0
1.394	-1.615587134e-27
1.395	8.792178276e-15
1.396	0
1.397	-3.231174268e-27
1.398	-4.038967835e-28
1.399	6.462348536e-27
1.4	-1.292469707e-26
1.401	7.587805845e-16
1.402	0
1.403	-3.231174268e-27
1.404	8.077935669e-28
1.405	0
1.406	1.009741959e-27
1.407	0
1.408	-1.615587134e-27
1.409	0
1.41	2.019483917e-28
1.411	1.466737701e-13
1.412	6.462348536e-27
1.413	3.231174268e-27
1.414	6.033644043e-14
1.415	2.019483917e-28
1.416	4.038967835e-28
1.417	4.319831981e-13
1.418	4.080342699e-14
1.419	0
1.42	0
1.421	-8.077935669e-28
1.422	-2.019483917e-28
1.423	1.032092706e-16
1.424	-8.077935669e-28
1.425	-1.615587134e-27
1.426	0
1.427	1.615587134e-27
1.428	-3.231174268e-27
1.429	1.524537739e-13
1.43	1.615587134e-27
1.431	0
1.432	2.82615931e-15
1.433	0
1.434	1.527375028e-13
1.435	2.423380701e-27
1.436	-3.231174268e-27
1.437	4.038967835e-28
1.438	-1.21169035e-27
1.439	-6.462348536e-27
1.44	1.844761526e-16
1.441	3.231174268e-27
1.442	0
1.443	3.131337285e-13
1.444	4.928957226e-14
1.445	8.077935669e-28
1.446	-2.019483917e-28
1.447	3.231174268e-27
1.448	2.298741303e-13
1.449	2.227696651e-16
1.45	-1.615587134e-27
1.451	0
1.452	0
1.453	0
1.454	8.077935669e-28
1.455	3.231174268e-27
1.456	3.231174268e-27
1.457	4.585481842e-13
1.458	-2.019483917e-28
1.459	-2.019483917e-28
1.46	3.092644345e-17
1.461	0
1.462	0
1.463	-1.615587134e-27
1.464	-8.077935669e-28
1.465	-2.019483917e-28
1.466	0
1.467	4.988905475e-16
1.468	3.479834964e-15
1.469	-1.615587134e-27
1.47	0
1.471	-6.058451752e-28
1.472	6.281292218e-13
1.473	0
1.474	0
1.475	4.038967835e-28
1.476	5.817953812e-13
1.477	1.769819778e-14
1.478	-1.615587134e-27
1.479	4.038967835e-28
1.48	0
1.481	4.880942655e-17
1.482	-8.077935669e-28
1.483	5.156848933e-13
1.484	2.019483917e-28
1.485	1.045423242e-13
1.486	5.774245421e-13
1.487	3.11031474e-13
1.488	8.077935669e-28
1.489	9.266770836e-15
1.49	8.077935669e-28
1.491	1.615587134e-27
1.492	-4.038967835e-28
1.493	1.009741959e-28
1.494	0
1.495	6.077878137e-15
1.496	-8.077935669e-28
1.497	0
1.498	8.077935669e-28
1.499	0
1.5	-4.038967835e-28
1.501	0
1.502	-8.077935669e-28
1.503	3.642864547e-13
1.504	0
1.505	0
1.506	2.019483917e-28
1.507	1.615587134e-27
1.508	1.514364941e-13
1.509	1.615587134e-27
1.51	-1.009741959e-28
1.511	3.931949709e-13
1.512	6.006005697e-15
1.513	2.019483917e-28
1.514	-4.038967835e-28
1.515	4.038967835e-28
1.516	1.615587134e-27
1.517	-4.846761402e-27
1.518	8.077935669e-28
1.519	0
1.52	-1.615587134e-27
1.521	2.034637514e-15
1.522	6.654076704e-14
1.523	0
1.524	-3.029225876e-28
1.525	-4.038967835e-28
1.526	-4.038967835e-28
1.527	-1.615587134e-27
1.528	9.18060048e-15
1.529	5.00288965e-14
1.53	4.943035591e-14
1.531	2.514751238e-13
1.532	3.715267433e-14
1.533	1.074924112e-14
1.534	5.440387588e-14
1.535	0
1.536	0
1.537	0
1.538	-1.615587134e-27
1.539	-8.077935669e-28
1.54	2.019052921e-13
1.541	0
1.542	4.020285488e-13
1.543	5.120858029e-13
1.544	2.551439149e-13
1.545	0
1.546	3.029225876e-28
1.547	5.530105318e-14
1.548	0
1.549	1.009741959e-28
1.55	-6.058451752e-28
1.551	3.364133245e-13
1.552	4.038967835e-28
1.553	-4.038967835e-28
1.554	0
1.555	0
1.556	0
1.557	0
1.558	-2.019483917e-28
1.559	9.368492717e-15
1.56	4.038967835e-28
1.561	-2.019483917e-28
1.562	0
1.563	2.777762558e-14
1.564	-1.009741959e-28
1.565	-8.077935669e-28
1.566	0
1.567	1.664526535e-13
1.568	-1.009741959e-28
1.569	1.21169035e-27
1.57	4.12813284e-13
1.571	2.019483917e-28
1.572	2.707843715e-14
1.573	-2.019483917e-28
1.574	6.377612604e-15
1.575	-2.019483917e-28
1.576	1.556213654e-13
1.577	0
1.578	1.615587134e-27
1.579	0
1.58	0
1.581	0
1.582	0
1.583	-1.21169035e-27
1.584	8.905849419e-14
1.585	3.356285654e-13
1.586	-2.019483917e-28
1.587	0
1.588	4.038967835e-28
1.589	4.23942023e-15
1.59	2.403476994e-14
1.591	4.710663961e-14
1.592	1.178681176e-13
1.593	2.019483917e-28
1.594	0
1.595	1.759758924e-13
1.596	2.151823777e-13
1.597	0
1.598	-8.077935669e-28
1.599	2.22107963e-14
1.6	0
1.601	-4.038967835e-28
1.602	2.473186993e-13
1.603	-1.009741959e-28
1.604	1.009741959e-28
1.605	2.019483917e-28
1.606	1.009741959e-28
1.607	1.21169035e-27
1.608	0
1.609	0
1.61	4.928022102e-14
1.611	-1.009741959e-28
1.612	-1.009741959e-28
1.613	0
1.614	0
1.615	0
1.616	4.180125213e-14
1.617	0
1.618	-2.019483917e-28
1.619	2.007631257e-13
1.62	2.019483917e-28
1.621	5.478439696e-16
1.622	0
1.623	3.262007363e-13
1.624	2.019483917e-28
1.625	1.552494163e-14
1.626	-8.077935669e-28
1.627	0
1.628	8.077935669e-28
1.629	0
1.63	3.471543392e-13
1.631	0
1.632	2.173446563e-14
1.633	0
1.634	2.332564751e-14
1.635	0
1.636	2.019483917e-28
1.637	0
1.638	0
1.639	-2.019483917e-28
1.64	1.009741959e-28
1.641	0
1.642	1.439549435e-16
1.643	8.077935669e-28
1.644	-4.038967835e-28
1.645	9.833900052e-16
1.646	1.300479771e-13
1.647	1.140822598e-13
1.648	0
1.649	0
1.65	2.328370786e-13
1.651	1.009741959e-28
1.652	3.495803907e-14
1.653	6.356327682e-14
1.654	3.428819051e-13
1.655	9.207207479e-14
1.656	0
1.657	1.34843715e-13
1.658	1.550818393e-14
1.659	-4.038967835e-28
1.66	1.002734544e-13
1.661	3.514791268e-13
1.662	4.038967835e-28
1.663	7.094272272e-14
1.664	0
1.665	0
1.666	0
1.667	4.038967835e-28
1.668	0
1.669	3.250658477e-13
1.67	0
1.671	0
1.672	1.136890332e-13
1.673	1.068820054e-13
1.674	0
1.675	0
1.676	5.572143224e-14
1.677	0
1.678	0
1.679	2.995693835e-13
1.68	0
1.681	1.205192359e-16
1.682	6.779990523e-16
1.683	-2.019483917e-28
1.684	6.701803283e-14
1.685	4.868191082e-14
1.686	2.293967425e-13
1.687	4.038967835e-28
1.688	2.888674407e-13
1.689	7.21215893e-14
1.69	2.542093733e-13
1.691	1.009741959e-28
1.692	2.506330104e-13
1.693	0
1.694	2.414298687e-14
1.695	4.557291366e-15
1.696	1.675934239e-13
1.697	1.009741959e-28
1.698	1.145720752e-13
1.699	2.882477785e-13
1.7	6.187208406e-14
1.701	3.242880546e-14
1.702	0
1.703	0
1.704	-5.048709793e-29
1.705	-2.019483917e-28
1.706	9.524057432e-14
1.707	-4.038967835e-28
1.708	9.664327444e-14
1.709	2.728814082e-13
1.71	0
1.711	3.74651414e-14
1.712	1.213755862e-17
1.713	3.029225876e-28
1.714	-5.048709793e-29
1.715	0
1.716	0
1.717	2.815401991e-13
1.718	0
1.719	1.009741959e-28
1.72	1.071285259e-14
1.721	-2.019483917e-28
1.722	1.547647779e-16
1.723	1.353685705e-17
1.724	-2.019483917e-28
1.725	8.077935669e-28
1.726	1.801137635e-15
1.727	3.479838352e-15
1.728	2.384267507e-13
1.729	0
1.73	0
1.731	-4.038967835e-28
1.732	5.207325456e-14
1.733	-2.019483917e-28
1.734	-5.048709793e-29
1.735	0
1.736	-4.038967835e-28
1.737	1.14715068e-13
1.738	3.535734395e-14
1.739	1.974918303e-15
1.74	-8.077935669e-28
1.741	8.07344236e-14
1.742	1.009316328e-14
1.743	7.483240644e-14
1.744	1.924815423e-13
1.745	0
1.746	0
1.747	5.397382031e-15
1.748	1.831235359e-13
1.749	1.861354902e-16
1.75	3.041491348e-14
1.751	2.261137377e-13
1.752	-2.019483917e-28
1.753	1.622144666e-14
1.754	1.315913388e-13
1.755	0
1.756	0
1.757	-4.038967835e-28
1.758	1.009741959e-28
1.759	0
1.76	1.009741959e-28
1.761	-4.038967835e-28
1.762	-4.038967835e-28
1.763	3.678538729e-15
1.764	4.038967835e-28
1.765	-5.048709793e-29
1.766	-1.009741959e-28
1.767	6.188039176e-14
1.768	2.39341492e-14
1.769	-1.009741959e-28
1.77	1.016446313e-15
1.771	0
1.772	0
1.773	0
1.774	-5.048709793e-29
1.775	5.048709793e-29
1.776	4.110343251e-14
1.777	0
1.778	0
1.779	0
1.78	1.338559661e-13
1.781	1.009741959e-28
1.782	9.712018787e-14
1.783	1.402503602e-13
1.784	0
1.785	5.048709793e-29
1.786	5.048709793e-29
1.787	2.953553065e-14
1.788	1.284696362e-13
1.789	0
1.79	4.776594972e-14
1.791	1.095964275e-13
1.792	-2.019483917e-28
1.793	-2.019483917e-28
1.794	3.860555945e-16
1.795	1.43354946e-13
1.796	2.643349271e-14
1.797	0
1.798	0
1.799	0
1.8	7.980337853e-15
1.801	7.332291241e-14
1.802	0
1.803	5.223357418e-15
1.804	4.038967835e-28
1.805	0
1.806	1.009741959e-28
1.807	5.956112068e-15
1.808	0
1.809	2.019483917e-28
1.81	-4.038967835e-28
1.811	5.298204638e-15
1.812	0
1.813	0
1.814	4.337357567e-15
1.815	5.588028819e-16
1.816	1.314333164e-13
1.817	3.027753151e-16
1.818	2.019483917e-28
1.819	1.009741959e-28
1.82	2.371837942e-14
1.821	0
1.822	4.277386957e-14
1.823	0
1.824	-2.019483917e-28
1.825	0
1.826	1.683345168e-14
1.827	0
1.828	2.019483917e-28
1.829	0
1.83	4.295314918e-14
1.831	4.432071436e-14
1.832	-1.009741959e-28
1.833	1.009741959e-28
1.834	1.677471367e-13
1.835	-5.048709793e-29
1.836	5.048709793e-29
1.837	-4.038967835e-28
1.838	2.484488581e-14
1.839	2.79146484e-16
1.84	1.798244848e-14
1.841	0
1.842	1.760404295e-13
1.843	0
1.844	1.017430565e-16
1.845	0
1.846	1.435103528e-13
1.847	7.592545841e-15
1.848	3.372223833e-14
1.849	6.810568412e-17
1.85	1.568069744e-19
1.851	6.07348373e-14
1.852	1.309367247e-15
1.853	0
1.854	0
1.855	-1.514612938e-28
1.856	5.344432308e-15
1.857	2.123511599e-13
1.858	-2.019483917e-28
1.859	3.665795288e-14
1.86	7.135073511e-14
1.861	2.493645346e-14
1.862	0
1.863	2.019483917e-28
1.864	7.430213671e-15
1.865	6.201098391e-14
1.866	0
1.867	0
1.868	0
1.869	0
1.87	0
1.871	0
1.872	4.74881839e-14
1.873	0
1.874	7.876892769e-14
1.875	2.019483917e-28
1.876	2.019483917e-28
1.877	9.349957603e-14
1.878	0
1.879	2.019483917e-28
1.88	4.70315044e-16
1.881	1.279173978e-13
1.882	1.461860824e-13
1.883	1.808822596e-14
1.884	1.009741959e-28
1.885	1.982917004e-14
1.886	5.223877158e-14
1.887	-1.009741959e-28
1.888	6.606318953e-14
1.889	1.93169455e-14
1.89	1.935814519e-13
1.891	7.428394244e-16
1.892	0
1.893	0
1.894	1.145546196e-13
1.895	-1.009741959e-28
1.896	6.33335005e-17
1.897	5.048709793e-29
1.898	3.836268461e-14
1.899	0
1.9	0
1.901	-5.048709793e-29
1.902	2.524354897e-29
1.903	2.019483917e-28
1.904	-1.009741959e-28
1.905	2.572941182e-14
1.906	3.81105534e-16
1.907	0
1.908	8.052318713e-18
1.909	1.027965826e-13
1.91	7.850092646e-14
1.911	2.019483917e-28
1.912	-2.019483917e-28
1.913	1.915676683e-13
1.914	1.201587386e-15
1.915	5.048709793e-29
1.916	5.048709793e-29
1.917	0
1.918	6.377395086e-14
1.919	8.188609025e-14
1.92	1.112201694e-14
1.921	7.849507177e-14
1.922	-1.009741959e-28
1.923	0
1.924	-2.019483917e-28
1.925	1.009741959e-28
1.926	1.184694161e-16
1.927	0
1.928	-5.048709793e-29
1.929	1.301117824e-13
1.93	4.870664419e-14
1.931	1.20552033e-14
1.932	1.220661213e-14
1.933	0
1.934	0
1.935	5.048709793e-29
1.936	1.754782842e-13
1.937	-1.009741959e-28
1.938	-2.524354897e-29
1.939	2.019483917e-28
1.94	-2.019483917e-28
1.941	4.125057229e-15
1.942	1.469436552e-13
1.943	0
1.944	3.446855567e-14
1.945	1.374164454e-13
1.946	1.838944036e-13
1.947	4.720841231e-14
1.948	0
1.949	2.343167571e-15
1.95	0
1.951	4.996850644e-14
1.952	2.422461374e-14
1.953	0
1.954	8.52563056e-15
1.955	0
1.956	-2.524354897e-29
1.957	1.905007592e-15
1.958	1.635140184e-14
1.959	0
1.96	3.411766719e-14
1.961	1.723359817e-13
1.962	0
1.963	4.928861681e-14
1.964	4.568573845e-15
1.965	4.508483972e-14
1.966	0
1.967	1.4380634e-13
1.968	0
1.969	0
1.97	-1.009741959e-28
1.971	0
1.972	4.913848191e-15
1.973	2.997979604e-14
1.974	0
1.975	4.507952713e-14
1.976	0
1.977	3.678342217e-15
1.978	2.524354897e-29
1.979	2.242275782e-15
1.98	1.009741959e-28
1.981	-2.019483917e-28
1.982	0
1.983	0
1.984	0
1.985	1.009741959e-28
1.986	5.779661553e-16
1.987	0
1.988	3.239047214e-15
1.989	-1.009741959e-28
1.99	1.05919776e-15
1.991	5.048709793e-29
1.992	2.595311661e-14
1.993	3.118416847e-14
1.994	5.466544643e-14
1.995	0
1.996	0
1.997	3.939465534e-17
1.998	2.741121268e-14
1.999	4.398726798e-17
2	-5.048709793e-29
2.001	2.271972757e-14
2.002	3.133412041e-16
2.003	8.80530051e-14
2.004	1.275106458e-16
2.005	-2.019483917e-28
2.006	2.373498127e-15
2.007	5.44140064e-14
2.008	0
2.009	1.408477962e-13
2.01	9.919196269e-15
2.011	3.498889817e-16
2.012	-5.048709793e-29
2.013	0
2.014	1.478254368e-13
2.015	0
2.016	8.898097374e-14
2.017	1.439232983e-13
2.018	3.232291279e-15
2.019	0
2.02	5.048709793e-29
2.021	2.939320201e-14
2.022	2.524354897e-29
2.023	9.736641018e-14
2.024	-1.009741959e-28
2.025	0
2.026	0
2.027	9.701977719e-14
2.028	-2.019483917e-28
2.029	8.720076798e-14
2.03	-1.009741959e-28
2.031	1.074228868e-14
2.032	-5.048709793e-29
2.033	0
2.034	4.230455233e-16
2.035	-5.048709793e-29
2.036	-1.009741959e-28
2.037	1.45486379e-16
2.038	2.140664355e-14
2.039	5.180636465e-14
2.04	1.081699427e-13
2.041	2.524354897e-29
2.042	9.053249415e-14
2.043	1.009741959e-28
2.044	0
2.045	-2.524354897e-29
2.046	0
2.047	2.00697274e-14
2.048	1.515977963e-13
2.049	-2.524354897e-29
2.05	0
2.051	0
2.052	1.969233018e-14
2.053	-2.019483917e-28
2.054	0
2.055	2.428748392e-15
2.056	2.956556305e-14
2.057	2.978425341e-15
2.058	5.063715425e-16
2.059	9.611162235e-14
2.06	0
2.061	0
2.062	1.313153823e-13
2.063	3.522564727e-14
2.064	1.048873309e-13
2.065	0
2.066	0
2.067	4.661258901e-14
2.068	5.048709793e-29
2.069	4.277516384e-20
2.07	0
2.071	5.316676732e-14
2.072	5.048709793e-29
2.073	3.433810582e-14
2.074	1.902784299e-14
2.075	-5.048709793e-29
2.076	1.330354419e-13
2.077	6.64402615e-14
2.078	5.344048771e-14
2.079	1.31430389e-13
2.08	2.303016854e-14
2.081	2.147210903e-14
2.082	5.048709793e-29
2.083	0
2.084	9.816088643e-15
2.085	1.606383077e-14
2.086	1.009741959e-28
2.087	-2.524354897e-29
2.088	7.523810134e-14
2.089	7.202353677e-14
2.09	2.019483917e-28
2.091	-1.009741959e-28
2.092	5.766230321e-14
2.093	1.357682006e-15
2.094	-2.524354897e-29
2.095	5.242032801e-17
2.096	-2.524354897e-29
2.097	1.463341574e-14
2.098	5.315171046e-14
2.099	-5.048709793e-29
2.1	0
2.101	9.962607724e-14
2.102	5.35788048e-14
2.103	2.336281532e-14
2.104	0
2.105	4.451835764e-14
2.106	-2.524354897e-29
2.107	4.193481228e-14
2.108	1.242076781e-13
2.109	1.824632296e-14
2.11	2.670725376e-14
2.111	5.401434237e-14
2.112	7.623928073e-14
2.113	1.813006261e-14
2.114	0
2.115	9.17407155e-15
2.116	1.239073677e-13
2.117	0
2.118	1.618232729e-15
2.119	1.009741959e-28
2.12	3.506018446e-15
2.121	0
2.122	3.370883488e-14
2.123	1.370451875e-14
2.124	0
2.125	1.174187158e-13
2.126	9.509648386e-14
2.127	3.610833692e-14
2.128	4.129848048e-14
2.129	9.89632909e-14
2.13	7.159596809e-15
2.131	0
2.132	0
2.133	1.195319343e-15
2.134	3.223991712e-14
2.135	2.524354897e-29
2.136	0
2.137	8.956092703e-14
2.138	-5.048709793e-29
2.139	7.172384973e-14
2.14	1.07735137e-15
2.141	-1.009741959e-28
2.142	0
2.143	0
2.144	4.110657669e-15
2.145	3.468074759e-15
2.146	2.676653251e-14
2.147	0
2.148	1.168824965e-13
2.149	1.009741959e-28
2.15	-5.048709793e-29
2.151	0
2.152	1.591669776e-14
2.153	0
2.154	0
2.155	3.168716374e-16
2.156	0
2.157	5.048709793e-29
2.158	1.009741959e-28
2.159	1.968673976e-14
2.16	5.048709793e-29
2.161	7.054038885e-14
2.162	2.695174135e-17
2.163	0
2.164	7.503131688e-14
2.165	0
2.166	0
2.167	1.009741959e-28
2.168	1.910023382e-14
2.169	1.117611185e-14
2.17	4.632287663e-15
2.171	2.403007399e-14
2.172	1.446504591e-14
2.173	0
2.174	5.165749013e-15
2.175	0
2.176	0
2.177	-2.524354897e-29
2.178	2.524354897e-29
2.179	0
2.18	3.56596805e-14
2.181	3.657169782e-15
2.182	0
2.183	7.677850868e-14
2.184	7.61519889e-14
2.185	-5.048709793e-29
2.186	0
2.187	5.048709793e-29
2.188	6.799793476e-14
2.189	0
2.19	1.452782122e-14
2.191	2.381687241e-17
2.192	1.104668386e-13
2.193	6.505924543e-16
2.194	5.048709793e-29
2.195	2.524354897e-29
2.196	3.228736451e-14
2.197	0
2.198	-1.009741959e-28
2.199	1.080269365e-13
2.2	0
2.201	4.574147322e-17
2.202	4.018412393e-14
2.203	4.017883845e-16
2.204	3.215672493e-15
2.205	0
2.206	0
2.207	3.339047246e-14
2.208	0
2.209	0
2.21	5.048709793e-29
2.211	6.564663906e-14
2.212	6.384922159e-14
2.213	8.945369944e-14
2.214	-5.048709793e-29
2.215	1.799925362e-14
2.216	7.22653274e-15
2.217	0
2.218	-1.262177448e-29
2.219	0
2.22	-5.048709793e-29
2.221	8.631288772e-14
2.222	9.429910737e-14
2.223	3.49654523e-15
2.224	0
2.225	6.7019754e-15
2.226	4.248265964e-14
2.227	1.726371053e-14
2.228	8.660922728e-14
2.229	0
2.23	6.403741198e-14
2.231	3.457179204e-14
2.232	5.048709793e-29
2.233	0
2.234	3.815036394e-18
2.235	4.898249232e-14
2.236	4.229749146e-14
2.237	0
2.238	0
2.239	1.8597225e-14
2.24	5.011216323e-15
2.241	0
2.242	6.870650153e-15
2.243	0
2.244	1.721540933e-14
2.245	2.243112651e-16
2.246	2.061708009e-14
2.247	2.524354897e-29
2.248	2.482436728e-15
2.249	0
2.25	-1.262177448e-29
2.251	0
2.252	1.18696692e-14
2.253	0
2.254	0
2.255	6.836837953e-14
2.256	3.049508345e-14
2.257	1.179026494e-14
2.258	5.324567013e-14
2.259	6.754662205e-14
2.26	1.091050942e-14
2.261	2.861267809e-14
2.262	6.383484236e-15
2.263	2.524354897e-29
2.264	4.455063976e-14
2.265	0
2.266	0
2.267	7.081168334e-14
2.268	0
2.269	4.014619041e-14
2.27	0
2.271	3.775548396e-14
2.272	2.524354897e-29
2.273	4.222138047e-14
2.274	5.54096428e-15
2.275	0
2.276	9.688525481e-15
2.277	-5.048709793e-29
2.278	0
2.279	0
2.28	1.009741959e-28
2.281	2.337482963e-14
2.282	-1.009741959e-28
2.283	4.791665383e-18
2.284	0
2.285	0
2.286	6.203863107e-14
2.287	1.708973674e-17
2.288	0
2.289	1.475002168e-14
2.29	0
2.291	4.503426169e-14
2.292	3.439444367e-14
2.293	-2.524354897e-29
2.294	1.948540342e-14
2.295	2.977881884e-14
2.296	0
2.297	0
2.298	-2.524354897e-29
2.299	2.669170223e-14
2.3	5.048709793e-29
2.301	2.524354897e-29
2.302	2.467420528e-15
2.303	2.229921976e-14
2.304	8.008036508e-14
2.305	7.251529021e-14
2.306	3.448128827e-15
2.307	0
2.308	2.524354897e-29
2.309	5.345563944e-14
2.31	0
2.311	2.524354897e-29
2.312	0
2.313	-2.524354897e-29
2.314	0
2.315	0
2.316	2.386003721e-15
2.317	0
2.318	4.580330662e-19
2.319	2.067398038e-14
2.32	6.07619288e-14
2.321	5.048709793e-29
2.322	1.253662972e-14
2.323	5.03372436e-14
2.324	2.254208783e-16
2.325	-2.524354897e-29
2.326	-2.524354897e-29
2.327	7.979897396e-17
2.328	-5.048709793e-29
2.329	3.258043791e-14
2.33	-5.048709793e-29
2.331	0
2.332	0
2.333	6.372180073e-14
2.334	1.706183209e-14
2.335	1.618087039e-16
2.336	3.412961374e-14
2.337	0
2.338	3.259247256e-15
2.339	4.502210508e-15
2.34	3.848185876e-15
2.341	1.009741959e-28
2.342	2.27131546e-15
2.343	2.524354897e-29
2.344	1.644900714e-14
2.345	4.838675711e-20
2.346	1.345826933e-14
2.347	-2.524354897e-29
2.348	5.048709793e-29
2.349	3.509393026e-15
2.35	2.109635166e-14
2.351	0
2.352	7.222514416e-14
2.353	2.524354897e-29
2.354	0
2.355	4.82487585e-15
2.356	4.256238916e-14
2.357	0
2.358	1.724629554e-14
2.359	5.954499318e-15
2.36	6.692922312e-15
2.361	3.229744759e-14
2.362	0
2.363	-1.262177448e-29
2.364	7.280173643e-15
2.365	3.768232742e-15
2.366	1.242225994e-14
2.367	0
2.368	8.367282832e-15
2.369	0
2.37	4.068478139e-14
2.371	0
2.372	6.945751483e-14
2.373	6.6174449e-24
2.374	0
2.375	2.524354897e-29
2.376	5.048709793e-29
2.377	4.422154374e-14
2.378	1.72200714e-14
2.379	2.517178631e-15
2.38	1.319999204e-16
2.381	6.579230162e-15
2.382	-5.048709793e-29
2.383	0
2.384	8.277924245e-14
2.385	5.710154029e-16
2.386	5.039415066e-14
2.387	3.604197019e-14
2.388	0
2.389	2.524354897e-29
2.39	6.522336653e-14
2.391	2.66671044e-15
2.392	0
2.393	0
2.394	1.186259478e-15
2.395	3.109817091e-15
2.396	6.597981439e-14
2.397	5.249102476e-14
2.398	1.078815043e-16
2.399	6.085638991e-14
2.4	5.754850264e-15
2.401	5.048709793e-29
2.402	1.388879924e-17
2.403	1.659037355e-14
2.404	3.147573077e-14
2.405	-2.524354897e-29
2.406	-5.048709793e-29
2.407	8.868434958e-19
2.408	1.118618138e-14
2.409	0
2.41	1.089908464e-14
2.411	1.615896951e-14
2.412	0
2.413	4.374556544e-14
2.414	0
2.415	-5.048709793e-29
2.416	0
2.417	0
2.418	3.363886318e-14
2.419	4.502142745e-15
2.42	0
2.421	3.705351726e-14
2.422	4.689582327e-14
2.423	1.072767228e-16
2.424	0
2.425	2.9891996e-14
2.426	3.569938941e-16
2.427	3.184536239e-14
2.428	0
2.429	-2.524354897e-29
2.43	3.45242159e-17
2.431	1.102474367e-14
2.432	4.097818005e-14
2.433	4.577549006e-15
2.434	6.015716083e-15
2.435	6.695916066e-14
2.436	1.293527731e-14
2.437	0
2.438	0
2.439	5.048709793e-29
2.44	1.336617991e-17
2.441	0
2.442	0
2.443	3.101910547e-14
2.444	2.373576054e-14
2.445	9.200099179e-15
2.446	0
2.447	2.391926175e-14
2.448	1.162532391e-15
2.449	-2.524354897e-29
2.45	5.242225924e-15
2.451	7.92441335e-15
2.452	-5.048709793e-29
2.453	2.841612579e-15
2.454	5.331764761e-14
2.455	-2.524354897e-29
2.456	3.130003581e-14
2.457	1.262177448e-29
2.458	5.001697027e-14
2.459	5.884079031e-14
2.46	0
2.461	6.666424411e-14
2.462	4.921978352e-14
2.463	6.867000458e-14
2.464	-2.524354897e-29
2.465	0
2.466	5.089026802e-14
2.467	4.589721886e-14
2.468	2.099794676e-18
2.469	1.056605839e-14
2.47	-5.048709793e-29
2.471	0
2.472	0
2.473	0
2.474	-5.048709793e-29
2.475	0
2.476	5.427478128e-14
2.477	0
2.478	0
2.479	4.925470838e-14
2.48	1.028172637e-14
2.481	9.505064921e-16
2.482	5.855204017e-14
2.483	2.089261652e-14
2.484	9.709538674e-18
2.485	1.161466485e-14
2.486	1.232941158e-17
2.487	5.633107912e-17
2.488	1.327148162e-15
2.489	3.214422272e-15
2.49	1.262177448e-29
2.491	0
2.492	2.524354897e-29
2.493	0
2.494	1.234809374e-14
2.495	2.337470766e-14
2.496	2.288479736e-15
2.497	5.971196031e-15
2.498	0
2.499	2.524354897e-29
2.5	4.373106423e-14
2.501	1.789491949e-14
2.502	0
2.503	1.612821205e-14
2.504	0
2.505	7.938562188e-17
2.506	2.948474256e-15
2.507	-2.524354897e-29
2.508	1.262177448e-29
2.509	4.177017619e-15
2.51	0
2.511	-2.524354897e-29
2.512	2.524354897e-29
2.513	2.719736057e-14
2.514	3.602535479e-14
2.515	9.596747767e-15
2.516	6.154369278e-14
2.517	1.270423382e-14
2.518	0
2.519	2.121378431e-14
2.52	3.368761162e-14
2.521	3.009609706e-14
2.522	1.365986995e-14
2.523	-2.524354897e-29
2.524	-5.048709793e-29
2.525	0
2.526	1.219446229e-14
2.527	0
2.528	4.246548859e-15
2.529	0
2.53	2.524354897e-29
2.531	1.312694392e-15
2.532	2.170319317e-14
2.533	1.852241505e-14
2.534	0
2.535	0
2.536	3.207858783e-14
2.537	5.048709793e-29
2.538	0
2.539	4.090267892e-14
2.54	0
2.541	2.524354897e-29
2.542	0
2.543	1.123533639e-14
2.544	4.889177171e-14
2.545	1.79384502e-14
2.546	1.220489774e-15
2.547	2.047567302e-14
2.548	3.04264399e-14
2.549	0
2.55	5.582323883e-14
2.551	5.094828639e-15
2.552	2.243242755e-14
2.553	1.847243333e-15
2.554	1.319751871e-15
2.555	1.485137425e-14
2.556	5.048709793e-29
2.557	6.163228565e-15
2.558	2.960827384e-14
2.559	4.685530121e-14
2.56	0
2.561	1.872362942e-15
2.562	5.533796349e-14
2.563	-5.048709793e-29
2.564	9.457800482e-16
2.565	6.192184894e-14
2.566	6.484653851e-15
2.567	1.568011129e-14
2.568	-1.262177448e-29
2.569	2.97571619e-14
2.57	1.262177448e-29
2.571	8.319320439e-16
2.572	0
2.573	3.063735789e-14
2.574	1.707150859e-15
2.575	0
2.576	0
2.577	0
2.578	1.751679043e-14
2.579	7.931650399e-16
2.58	0
2.581	1.262177448e-29
2.582	8.37539402e-16
2.583	7.563360474e-15
2.584	2.461369325e-15
2.585	3.837152763e-14
2.586	1.665246446e-14
2.587	0
2.588	4.458766527e-14
2.589	0
2.59	1.339665276e-14
2.591	1.197470129e-14
2.592	0
2.593	0
2.594	1.941484218e-16
2.595	0
2.596	0
2.597	1.167396393e-14
2.598	0
2.599	-5.048709793e-29
2.6	2.502135326e-17
2.601	-2.524354897e-29
2.602	5.30623722e-14
2.603	1.059373943e-14
2.604	3.15622501e-14
2.605	-2.524354897e-29
2.606	6.6174449e-23
2.607	2.396611284e-14
2.608	-2.524354897e-29
2.609	8.738323921e-15
2.61	3.106408631e-15
2.611	2.21063402e-14
2.612	8.210053189e-16
2.613	4.217753805e-14
2.614	2.10474948e-14
2.615	2.355005703e-17
2.616	1.079967008e-17
2.617	4.545901145e-14
2.618	1.365840627e-20
2.619	2.524354897e-29
2.62	0
2.621	2.524354897e-29
2.622	8.821001113e-18
2.623	2.215546811e-15
2.624	1.023351326e-15
2.625	3.539921448e-14
2.626	2.48217923e-16
2.627	0
2.628	0
2.629	2.524354897e-29
2.63	0
2.631	0
2.632	0
2.633	4.225017959e-14
2.634	2.101335599e-14
2.635	-1.262177448e-29
2.636	2.610414597e-14
2.637	4.172167169e-14
2.638	-2.524354897e-29
2.639	0
2.64	2.499428887e-14
2.641	7.010891704e-18
2.642	2.524354897e-29
2.643	4.770893424e-14
2.644	1.393538605e-14
2.645	0
2.646	6.569248726e-17
2.647	4.781351909e-15
2.648	3.55191408e-16
2.649	0
2.65	5.808118472e-15
2.651	2.524654205e-14
2.652	4.386206296e-14
2.653	1.262177448e-29
2.654	-5.048709793e-29
2.655	1.4337354e-15
2.656	2.474625051e-14
2.657	1.883672526e-15
2.658	0
2.659	-2.524354897e-29
2.66	4.433763469e-14
2.661	0
2.662	0
2.663	4.010469257e-14
2.664	0
2.665	5.014588191e-14
2.666	1.79298579e-15
2.667	4.350205363e-14
2.668	2.380711459e-15
2.669	1.624786731e-14
2.67	0
2.671	5.839716189e-16
2.672	8.153186785e-15
2.673	0
2.674	5.368870225e-14
2.675	7.852354563e-15
2.676	-1.262177448e-29
2.677	1.908554966e-14
2.678	3.142845955e-14
2.679	1.262177448e-29
2.68	5.260294153e-14
2.681	1.486207397e-15
2.682	1.747107098e-16
2.683	1.1460349e-14
2.684	1.160212876e-14
2.685	1.107495579e-19
2.686	0
2.687	3.557701009e-15
2.688	0
2.689	9.148599575e-15
2.69	-2.524354897e-29
2.691	0
2.692	2.687131388e-14
2.693	5.542638017e-15
2.694	1.578877545e-14
2.695	1.774570616e-14
2.696	0
2.697	2.752348859e-17
2.698	1.747005454e-21
2.699	1.262177448e-29
2.7	3.031598681e-16
2.701	2.154659372e-14
2.702	0
2.703	8.427035925e-15
2.704	0
2.705	0
2.706	1.04069856e-16
2.707	0
2.708	0
2.709	4.180052029e-14
2.71	2.564401057e-14
2.711	3.999906417e-15
2.712	2.524354897e-29
2.713	3.923218087e-14
2.714	7.337846422e-18
2.715	1.732327389e-14
2.716	5.252451306e-17
2.717	-2.524354897e-29
2.718	3.611060019e-14
2.719	1.262177448e-29
2.72	0
2.721	3.48765816e-19
2.722	1.536229775e-16
2.723	1.345301095e-14
2.724	4.831137118e-15
2.725	0
2.726	3.896859777e-16
2.727	0
2.728	0
2.729	5.006317084e-15
2.73	3.79128288e-14
2.731	3.209276378e-14
2.732	0
2.733	3.451157817e-15
2.734	2.940493172e-14
2.735	2.040453581e-14
2.736	2.454487351e-14
2.737	0
2.738	1.668641354e-15
2.739	2.444848794e-15
2.74	5.209320388e-16
2.741	0
2.742	2.03093022e-14
2.743	1.126154698e-14
2.744	2.92270548e-14
2.745	0
2.746	1.424265572e-15
2.747	2.157619244e-14
2.748	4.767589318e-15
2.749	3.967502325e-18
2.75	3.971305164e-14
2.751	0
2.752	1.440338192e-14
2.753	3.259365163e-14
2.754	1.214462287e-15
2.755	2.307419392e-16
2.756	0
2.757	1.262177448e-29
2.758	1.262177448e-29
2.759	8.974483483e-17
2.76	1.182783255e-15
2.761	0
2.762	1.383443327e-14
2.763	3.660238074e-14
2.764	0
2.765	1.878080753e-14
2.766	4.252093198e-14
2.767	5.947465556e-15
2.768	4.196675559e-15
2.769	0
2.77	8.533172541e-15
2.771	1.280067361e-14
2.772	1.88251785e-14
2.773	2.524354897e-29
2.774	7.155700457e-15
2.775	4.35850222e-14
2.776	1.262177448e-29
2.777	-1.262177448e-29
2.778	3.187723794e-15
2.779	1.291132321e-17
2.78	3.725196692e-14
2.781	4.926296187e-15
2.782	1.095763156e-14
2.783	1.262177448e-29
2.784	2.123254101e-15
2.785	1.997058389e-14
2.786	0
2.787	0
2.788	2.649769781e-14
2.789	2.120258992e-16
2.79	1.039804094e-15
2.791	0
2.792	1.76700424e-14
2.793	0
2.794	9.102419339e-16
2.795	1.484493003e-16
2.796	2.524354897e-29
2.797	1.262177448e-29
2.798	1.214279328e-15
2.799	7.547219414e-15
2.8	1.915655135e-14
2.801	0
2.802	4.17302911e-14
2.803	2.461095563e-14
2.804	3.660903503e-15
2.805	1.827924205e-15
2.806	6.233430655e-15
2.807	1.682932493e-14
2.808	2.857830888e-14
2.809	4.589243482e-14
2.81	2.991819303e-14
2.811	2.524354897e-29
2.812	1.698301059e-19
2.813	2.267283583e-14
2.814	0
2.815	2.963327825e-16
2.816	4.558518547e-14
2.817	0
2.818	1.376504433e-14
2.819	0
2.82	2.775748652e-14
2.821	6.092464044e-15
2.822	4.736100021e-15
2.823	2.522667405e-15
2.824	1.262177448e-29
2.825	1.555320542e-14
2.826	1.262177448e-29
2.827	6.993808744e-15
2.828	1.946610462e-14
2.829	1.283424322e-17
2.83	0
2.831	1.131900292e-14
2.832	3.54365517e-14
2.833	2.636377173e-14
2.834	-1.262177448e-29
2.835	0
2.836	2.003825843e-17
2.837	3.386993377e-14
2.838	0
2.839	3.783187956e-17
2.84	-2.524354897e-29
2.841	1.262177448e-29
2.842	4.971642943e-15
2.843	7.80179686e-15
2.844	1.262177448e-29
2.845	0
2.846	0
2.847	1.969521009e-14
2.848	6.359530144e-15
2.849	0
2.85	1.050690161e-15
2.851	8.609195442e-15
2.852	2.423594366e-14
2.853	1.781397024e-14
2.854	1.173123014e-14
2.855	9.281543091e-15
2.856	6.461506135e-17
2.857	-1.262177448e-29
2.858	1.157464424e-14
2.859	0
2.86	1.889052879e-15
2.861	5.281324965e-15
2.862	2.863140768e-17
2.863	0
2.864	1.722526202e-17
2.865	2.250363253e-16
2.866	0
2.867	0
2.868	3.062125748e-15
2.869	2.092259471e-14
2.87	2.826515064e-16
2.871	8.109845803e-15
2.872	2.697610202e-14
2.873	2.627114021e-14
2.874	2.828385312e-15
2.875	7.740302268e-15
2.876	2.104294115e-14
2.877	1.993824756e-14
2.878	5.577339263e-15
2.879	1.262177448e-29
2.88	0
2.881	1.262177448e-29
2.882	0
2.883	9.022567849e-15
2.884	1.51651017e-14
2.885	2.416923812e-15
2.886	0
2.887	4.843862941e-15
2.888	-1.262177448e-29
2.889	-1.262177448e-29
2.89	7.942797353e-17
2.891	2.611138302e-15
2.892	2.166504281e-14
2.893	2.002045719e-14
2.894	3.523423957e-14
2.895	8.41371379e-16
2.896	3.466846222e-14
2.897	1.262177448e-29
2.898	0
2.899	0
2.9	3.70343811e-14
2.901	0
2.902	1.645954423e-17
2.903	-2.524354897e-29
2.904	8.850891211e-15
2.905	6.092335295e-15
2.906	4.231600422e-15
2.907	1.538621119e-14
2.908	9.596666452e-15
2.909	1.262177448e-29
2.91	8.849908653e-15
2.911	3.408777709e-14
2.912	1.730721415e-14
2.913	0
2.914	1.815348815e-14
2.915	0
2.916	2.319548904e-16
2.917	-6.310887242e-30
2.918	7.838002437e-16
2.919	0
2.92	0
2.921	4.423517759e-15
2.922	1.632920958e-14
2.923	2.315366594e-14
2.924	0
2.925	7.065549046e-15
2.926	3.960726061e-18
2.927	2.462426422e-16
2.928	0
2.929	1.564554557e-17
2.93	2.514568415e-14
2.931	9.547382687e-16
2.932	1.490535397e-14
2.933	1.413851133e-14
2.934	2.6134856e-14
2.935	8.487764799e-15
2.936	2.350855242e-16
2.937	1.002686432e-14
2.938	3.030853292e-17
2.939	5.358161018e-17
2.94	1.262177448e-29
2.941	1.679225877e-16
2.942	8.02903886e-15
2.943	5.100832408e-18
2.944	1.63816172e-18
2.945	1.262177448e-29
2.946	7.310707486e-16
2.947	2.482907001e-14
2.948	2.437568376e-14
2.949	5.376775414e-15
2.95	-1.262177448e-29
2.951	-6.310887242e-30
2.952	0
2.953	-6.310887242e-30
2.954	0
2.955	1.262177448e-29
2.956	0
2.957	2.736065497e-14
2.958	2.409097227e-16
2.959	6.310887242e-30
2.96	5.65438538e-16
2.961	-1.262177448e-29
2.962	5.196730091e-15
2.963	1.907389448e-15
2.964	1.209595575e-14
2.965	9.904119083e-16
2.966	1.677699863e-14
2.967	2.0379301e-14
2.968	1.941121688e-14
2.969	2.775428813e-14
2.97	0
2.971	5.494431678e-16
2.972	6.310887242e-30
2.973	0
2.974	3.506624244e-14
2.975	4.338109733e-15
2.976	2.645201224e-14
2.977	1.223962609e-19
2.978	6.275057242e-15
2.979	1.712429569e-15
2.98	7.962191019e-15
2.981	9.77545139e-15
2.982	1.323929437e-16
2.983	1.004665779e-16
2.984	0
2.985	2.932938994e-14
2.986	1.403618297e-17
2.987	3.313376049e-15
2.988	3.549237456e-17
2.989	0
2.99	1.159646381e-14
2.991	3.04532468e-14
2.992	0
2.993	4.158999534e-16
2.994	2.336286275e-17
2.995	0
2.996	3.230483372e-14
2.997	3.666264883e-14
2.998	1.45773015e-14
2.999	0
3	4.961986768e-15
