            0             0             0             0             0             0             0             0             0             0             0             0             0             0             0             0             0             0             0             0
            0 0.08603619306   0.137602063  0.1990775767  0.2681725375   0.345875551  0.4342726112  0.5362070917  0.6553790084  0.7966784142  0.9667991525   1.175328187   1.436748022   1.774343983   2.228478348   2.876234656   3.886323086   5.708673118   9.865928915             0
            0  0.1344812308  0.1721167054  0.2243262472  0.2873634998  0.3608070558  0.4459231503   0.545034244  0.6614118992  0.7994577674  0.9651406981    1.16678411   1.416435638   1.732274754    2.14289097    2.69464713   3.461591218   4.537553029   5.857856222             0
            0  0.1858399895  0.2146513092  0.2583684154  0.3145359198  0.3825166275  0.4630910015  0.5580916895  0.6702675073  0.8033428954  0.9622457108   1.153511648   1.385889572   1.671120997   2.024580105   2.464357907   3.003689559   3.621564016    4.18380602             0
            0  0.2343256263  0.2577378456  0.2950445747  0.3450826484  0.4075766782  0.4831961074  0.5734465684  0.6805864125  0.8076136743   0.958312302   1.137319401   1.350125114   1.602784151   1.900792271   2.245869485   2.628186324   3.011105979   3.313094241             0
            0  0.2773925941  0.2973631266  0.3300693998  0.3751704118   0.432801107  0.5036904322  0.5891545513  0.6910475108  0.8117014202  0.9538430098   1.120432982   1.314317808   1.537485279   1.789556251   2.064963878   2.348348112   2.608978651   2.799326347             0
            0  0.3134539622  0.3311632972  0.3606283514  0.4019731621  0.4556315193  0.5224214837  0.6035487149  0.7005580549  0.8152381475  0.9494578881    1.10488313    1.28248542   1.481712648   1.699165312   1.926686527   2.149112449    2.34283906   2.477877439             0
            0  0.3413961012  0.3576263008  0.3848793874  0.4235290566  0.4741923755   0.537754447  0.6153516233  0.7083078937  0.8180125535  0.9457130456   1.092179795   1.257184903   1.438734754   1.632034056   1.828286237   2.013722658   2.169723207   2.275308777             0
            0  0.3604389431  0.3757662602  0.4016345298  0.4385433874  0.4872089931   0.548554796  0.6236736281  0.7137480623  0.8199102517  0.9430139705   1.083283754   1.239805404   1.409841103     1.5880122   1.765520602   1.929789328   2.065137945    2.15515082             0
            0  0.3700826311  0.3849800533   0.410179991  0.4462342591  0.4939013937  0.5541211645   0.627964776  0.7165459258  0.8208719214  0.9416078056    1.07872298   1.230995705   1.395377928   1.566288404    1.73502211   1.889632015   2.015781203   2.098988707             0
            0  0.3700826311  0.3849800533   0.410179991  0.4462342591  0.4939013937  0.5541211645   0.627964776  0.7165459258  0.8208719214  0.9416078056    1.07872298   1.230995705   1.395377928   1.566288404    1.73502211   1.889632015   2.015781203   2.098988707             0
            0  0.3604389431  0.3757662602  0.4016345298  0.4385433874  0.4872089931   0.548554796  0.6236736281  0.7137480623  0.8199102517  0.9430139705   1.083283754   1.239805404   1.409841103     1.5880122   1.765520602   1.929789328   2.065137945    2.15515082             0
            0  0.3413961012  0.3576263008  0.3848793874  0.4235290566  0.4741923755   0.537754447  0.6153516233  0.7083078937  0.8180125535  0.9457130456   1.092179795   1.257184903   1.438734754   1.632034056   1.828286237   2.013722658   2.169723207   2.275308777             0
            0  0.3134539622  0.3311632972  0.3606283514  0.4019731621  0.4556315193  0.5224214837  0.6035487149  0.7005580549  0.8152381475  0.9494578881    1.10488313    1.28248542   1.481712648   1.699165312   1.926686527   2.149112449    2.34283906   2.477877439             0
            0  0.2773925941  0.2973631266  0.3300693998  0.3751704118   0.432801107  0.5036904322  0.5891545513  0.6910475108  0.8117014202  0.9538430098   1.120432982   1.314317808   1.537485279   1.789556251   2.064963878   2.348348112   2.608978651   2.799326347             0
            0  0.2343256263  0.2577378456  0.2950445747  0.3450826484  0.4075766782  0.4831961074  0.5734465684  0.6805864125  0.8076136743   0.958312302   1.137319401   1.350125114   1.602784151   1.900792271   2.245869485   2.628186324   3.011105979   3.313094241             0
            0  0.1858399895  0.2146513092  0.2583684154  0.3145359198  0.3825166275  0.4630910015  0.5580916895  0.6702675073  0.8033428954  0.9622457108   1.153511648   1.385889572   1.671120997   2.024580105   2.464357907   3.003689559   3.621564016    4.18380602             0
            0  0.1344812308  0.1721167054  0.2243262472  0.2873634998  0.3608070558  0.4459231503   0.545034244  0.6614118992  0.7994577674  0.9651406981    1.16678411   1.416435638   1.732274754    2.14289097    2.69464713   3.461591218   4.537553029   5.857856222             0
            0 0.08603619306   0.137602063  0.1990775767  0.2681725375   0.345875551  0.4342726112  0.5362070917  0.6553790084  0.7966784142  0.9667991525   1.175328187   1.436748022   1.774343983   2.228478348   2.876234656   3.886323086   5.708673118   9.865928915             0
            0             0             0             0             0             0             0             0             0             0             0             0             0             0             0             0             0             0             0             0
