             0              0              0              0              0              0              0              0              0              0              0              0              0              0              0              0              0              0              0              0
             0 0.002735522581 0.005541773129 0.008491940579  0.01166436608  0.01514574442  0.01903522964  0.02345005415  0.02853366048  0.03446805919  0.04149347365  0.04994098826  0.06028944357  0.07327011863  0.09007238618   0.1127823622   0.1454232342   0.1967922642   0.2897383027              1
             0 0.005400721192  0.01094047442  0.01676299126  0.02302181565  0.02988632849  0.03754937708  0.04623756398  0.05622589392  0.06785962562  0.08158826993  0.09802062169   0.1180174486   0.1428543267   0.1745212209   0.2163018774   0.2739499333   0.3581349843   0.4890595256              1
             0 0.007927659937  0.01605802309  0.02460033102  0.03377741694  0.04383388696  0.05504626273  0.06773632033  0.08228955152  0.09918185126   0.1190195554   0.1426014488   0.1710174587     0.20580929   0.2492355723   0.3047073348   0.3774638483    0.475399669   0.6090440014              1
             0  0.01025297134  0.02076586199  0.03180646901  0.04365886786  0.05663294536  0.07107586676  0.08738661583    0.106035299    0.127589778   0.1527535392   0.1824206795   0.2177565099   0.2603148168   0.3122018685   0.3762807348   0.4563411321   0.5569522657   0.6822623891              1
             0  0.01231966229  0.02494866702  0.03820506496  0.05242477047  0.06797166811  0.08524929983   0.1047149674   0.1268973925   0.1524194944   0.1820283319   0.2166346139   0.2573637831   0.3056178091   0.3631373094   0.4320283319   0.5146615494   0.6132537133   0.7288631271              1
             0  0.01407845008  0.02850703025  0.04364497217  0.05987002491  0.07758852004   0.0972464608   0.1193420643   0.1444402327    0.173189418   0.2063411321   0.2447716301     0.28950336   0.3417192655   0.4027535392   0.4740248707   0.5568522398   0.6520731928   0.7594223718              1
             0  0.01548861609  0.03135910015  0.04800250412  0.06582840885  0.08527457508    0.106817006   0.1309804446   0.1583491639   0.1895775896    0.225399669   0.2666347328   0.3141854293   0.3690195554   0.4321216642   0.5043926484   0.5864701585   0.6784518855   0.7795490092              1
             0  0.01651844024   0.0334413296  0.05118222016  0.07017289221  0.09087247907   0.1137764672   0.1394252654   0.1684117301     0.20138654   0.2390595256   0.2821938595   0.3315882699   0.3880401413   0.4522799401   0.5248663454    0.606035299   0.6955107696   0.7923153278              1
             0  0.01714533159  0.03470859542  0.05311671614  0.07281453014  0.09427349541   0.1179999158   0.1445421631   0.1744959993   0.2085065264   0.2472644774   0.2914934736   0.3419236013   0.3992455145   0.4640390361   0.5366723963   0.6171750123   0.7050999838   0.7994111573              1
             0  0.01735579114   0.0351339948  0.05376596809  0.07370085046  0.09541411797   0.1194155253   0.1462558473    0.176531427   0.2108849437           0.25   0.2945861015   0.3453495219   0.4029448147   0.4679022104   0.5405292183   0.6207920711    0.708194921   0.8016894653              1
             0  0.01714533159  0.03470859542  0.05311671614  0.07281453014  0.09427349541   0.1179999158   0.1445421631   0.1744959993   0.2085065264   0.2472644774   0.2914934736   0.3419236013   0.3992455145   0.4640390361   0.5366723963   0.6171750123   0.7050999838   0.7994111573              1
             0  0.01651844024   0.0334413296  0.05118222016  0.07017289221  0.09087247907   0.1137764672   0.1394252654   0.1684117301     0.20138654   0.2390595256   0.2821938595   0.3315882699   0.3880401413   0.4522799401   0.5248663454    0.606035299   0.6955107696   0.7923153278              1
             0  0.01548861609  0.03135910015  0.04800250412  0.06582840885  0.08527457508    0.106817006   0.1309804446   0.1583491639   0.1895775896    0.225399669   0.2666347328   0.3141854293   0.3690195554   0.4321216642   0.5043926484   0.5864701585   0.6784518855   0.7795490092              1
             0  0.01407845008  0.02850703025  0.04364497217  0.05987002491  0.07758852004   0.0972464608   0.1193420643   0.1444402327    0.173189418   0.2063411321   0.2447716301     0.28950336   0.3417192655   0.4027535392   0.4740248707   0.5568522398   0.6520731928   0.7594223718              1
             0  0.01231966229  0.02494866702  0.03820506496  0.05242477047  0.06797166811  0.08524929983   0.1047149674   0.1268973925   0.1524194944   0.1820283319   0.2166346139   0.2573637831   0.3056178091   0.3631373094   0.4320283319   0.5146615494   0.6132537133   0.7288631271              1
             0  0.01025297134  0.02076586199  0.03180646901  0.04365886786  0.05663294536  0.07107586676  0.08738661583    0.106035299    0.127589778   0.1527535392   0.1824206795   0.2177565099   0.2603148168   0.3122018685   0.3762807348   0.4563411321   0.5569522657   0.6822623891              1
             0 0.007927659937  0.01605802309  0.02460033102  0.03377741694  0.04383388696  0.05504626273  0.06773632033  0.08228955152  0.09918185126   0.1190195554   0.1426014488   0.1710174587     0.20580929   0.2492355723   0.3047073348   0.3774638483    0.475399669   0.6090440014              1
             0 0.005400721192  0.01094047442  0.01676299126  0.02302181565  0.02988632849  0.03754937708  0.04623756398  0.05622589392  0.06785962562  0.08158826993  0.09802062169   0.1180174486   0.1428543267   0.1745212209   0.2163018774   0.2739499333   0.3581349843   0.4890595256              1
             0              0              0              0              0              0              0              0              0              0              0              0              0              0              0              0              0              0              0              0
