               0                0                0                0                0                0                0                0                0                0                0                0                0                0                0                0                0                0                0                0
               0 4.940656458e-324 9.881312917e-324 1.482196938e-323 1.976262583e-323 1.976262583e-323 1.976262583e-323 1.976262583e-323 2.470328229e-323 2.964393875e-323 2.964393875e-323 2.470328229e-323 1.976262583e-323 1.976262583e-323 1.976262583e-323 1.976262583e-323 1.482196938e-323 9.881312917e-324 4.940656458e-324                0
               0 9.881312917e-324 1.976262583e-323 2.964393875e-323 3.458459521e-323 3.952525167e-323 3.952525167e-323 4.446590813e-323 4.940656458e-323 5.434722104e-323 5.434722104e-323 4.940656458e-323 4.446590813e-323 3.952525167e-323 3.952525167e-323 3.458459521e-323 2.964393875e-323 1.976262583e-323 9.881312917e-324                0
               0 1.482196938e-323 2.964393875e-323 3.952525167e-323 4.940656458e-323 5.434722104e-323  5.92878775e-323 6.916919042e-323 7.410984688e-323 7.905050333e-323 7.905050333e-323 7.410984688e-323 6.916919042e-323  5.92878775e-323 5.434722104e-323 4.940656458e-323 3.952525167e-323 2.964393875e-323 1.482196938e-323                0
               0 1.976262583e-323 3.458459521e-323 4.940656458e-323  5.92878775e-323 6.916919042e-323 7.905050333e-323 8.893181625e-323 9.387247271e-323 9.881312917e-323 9.881312917e-323 9.387247271e-323 8.893181625e-323 7.905050333e-323 6.916919042e-323  5.92878775e-323 4.940656458e-323 3.458459521e-323 1.976262583e-323                0
               0 1.976262583e-323 3.952525167e-323 5.434722104e-323 6.916919042e-323 7.905050333e-323 9.387247271e-323 1.037537856e-322 1.086944421e-322 1.136350985e-322 1.136350985e-322 1.086944421e-322 1.037537856e-322 9.387247271e-323 7.905050333e-323 6.916919042e-323 5.434722104e-323 3.952525167e-323 1.976262583e-323                0
               0 1.976262583e-323 3.952525167e-323  5.92878775e-323 7.905050333e-323 9.387247271e-323 1.086944421e-322  1.18575755e-322 1.235164115e-322 1.284570679e-322 1.284570679e-322 1.235164115e-322  1.18575755e-322 1.086944421e-322 9.387247271e-323 7.905050333e-323  5.92878775e-323 3.952525167e-323 1.976262583e-323                0
               0 1.976262583e-323 4.446590813e-323 6.916919042e-323 8.893181625e-323 1.037537856e-322  1.18575755e-322 1.284570679e-322 1.333977244e-322 1.383383808e-322 1.383383808e-322 1.333977244e-322 1.284570679e-322  1.18575755e-322 1.037537856e-322 8.893181625e-323 6.916919042e-323 4.446590813e-323 1.976262583e-323                0
               0 2.470328229e-323 4.940656458e-323 7.410984688e-323 9.387247271e-323 1.086944421e-322 1.235164115e-322 1.333977244e-322 1.383383808e-322 1.432790373e-322 1.432790373e-322 1.383383808e-322 1.333977244e-322 1.235164115e-322 1.086944421e-322 9.387247271e-323 7.410984688e-323 4.940656458e-323 2.470328229e-323                0
               0 2.964393875e-323 5.434722104e-323 7.905050333e-323 9.881312917e-323 1.136350985e-322 1.284570679e-322 1.383383808e-322 1.432790373e-322 1.482196938e-322 1.482196938e-322 1.432790373e-322 1.383383808e-322 1.284570679e-322 1.136350985e-322 9.881312917e-323 7.905050333e-323 5.434722104e-323 2.964393875e-323                0
               0 2.964393875e-323 5.434722104e-323 7.905050333e-323 9.881312917e-323 1.136350985e-322 1.284570679e-322 1.383383808e-322 1.432790373e-322 1.482196938e-322 1.482196938e-322 1.432790373e-322 1.383383808e-322 1.284570679e-322 1.136350985e-322 9.881312917e-323 7.905050333e-323 5.434722104e-323 2.964393875e-323                0
               0 2.470328229e-323 4.940656458e-323 7.410984688e-323 9.387247271e-323 1.086944421e-322 1.235164115e-322 1.333977244e-322 1.383383808e-322 1.432790373e-322 1.432790373e-322 1.383383808e-322 1.333977244e-322 1.235164115e-322 1.086944421e-322 9.387247271e-323 7.410984688e-323 4.940656458e-323 2.470328229e-323                0
               0 1.976262583e-323 4.446590813e-323 6.916919042e-323 8.893181625e-323 1.037537856e-322  1.18575755e-322 1.284570679e-322 1.333977244e-322 1.383383808e-322 1.383383808e-322 1.333977244e-322 1.284570679e-322  1.18575755e-322 1.037537856e-322 8.893181625e-323 6.916919042e-323 4.446590813e-323 1.976262583e-323                0
               0 1.976262583e-323 3.952525167e-323  5.92878775e-323 7.905050333e-323 9.387247271e-323 1.086944421e-322  1.18575755e-322 1.235164115e-322 1.284570679e-322 1.284570679e-322 1.235164115e-322  1.18575755e-322 1.086944421e-322 9.387247271e-323 7.905050333e-323  5.92878775e-323 3.952525167e-323 1.976262583e-323                0
               0 1.976262583e-323 3.952525167e-323 5.434722104e-323 6.916919042e-323 7.905050333e-323 9.387247271e-323 1.037537856e-322 1.086944421e-322 1.136350985e-322 1.136350985e-322 1.086944421e-322 1.037537856e-322 9.387247271e-323 7.905050333e-323 6.916919042e-323 5.434722104e-323 3.952525167e-323 1.976262583e-323                0
               0 1.976262583e-323 3.458459521e-323 4.940656458e-323  5.92878775e-323 6.916919042e-323 7.905050333e-323 8.893181625e-323 9.387247271e-323 9.881312917e-323 9.881312917e-323 9.387247271e-323 8.893181625e-323 7.905050333e-323 6.916919042e-323  5.92878775e-323 4.940656458e-323 3.458459521e-323 1.976262583e-323                0
               0 1.482196938e-323 2.964393875e-323 3.952525167e-323 4.940656458e-323 5.434722104e-323  5.92878775e-323 6.916919042e-323 7.410984688e-323 7.905050333e-323 7.905050333e-323 7.410984688e-323 6.916919042e-323  5.92878775e-323 5.434722104e-323 4.940656458e-323 3.952525167e-323 2.964393875e-323 1.482196938e-323                0
               0 9.881312917e-324 1.976262583e-323 2.964393875e-323 3.458459521e-323 3.952525167e-323 3.952525167e-323 4.446590813e-323 4.940656458e-323 5.434722104e-323 5.434722104e-323 4.940656458e-323 4.446590813e-323 3.952525167e-323 3.952525167e-323 3.458459521e-323 2.964393875e-323 1.976262583e-323 9.881312917e-324                0
               0 4.940656458e-324 9.881312917e-324 1.482196938e-323 1.976262583e-323 1.976262583e-323 1.976262583e-323 1.976262583e-323 2.470328229e-323 2.964393875e-323 2.964393875e-323 2.470328229e-323 1.976262583e-323 1.976262583e-323 1.976262583e-323 1.976262583e-323 1.482196938e-323 9.881312917e-324 4.940656458e-324                0
               0                0                0                0                0                0                0                0                0                0                0                0                0                0                0                0                0                0                0                0
