             0              0              0              0              0              0              0              0              0              0              0              0              0              0              0              0              0              0              0              0
             0 0.003041526336 0.006170246605 0.009476779917  0.01305895971   0.0170264385  0.02150676522  0.02665399023  0.03266160217  0.03978303788  0.04836587006  0.05891179408  0.07218799757  0.08944790821   0.1129039666   0.1468362779   0.2004719865    0.296316945   0.4969584737              1
             0 0.005995858737  0.01216268017  0.01867791335  0.02573262043  0.03354002906  0.04234663217  0.05244759351  0.06420938058  0.07810467929  0.09476864829   0.1150933087    0.140392288   0.1726996687   0.2153316802   0.2739691586    0.358734723   0.4878373198   0.6915169497              1
             0 0.008779228447  0.01780670197   0.0273395729  0.03765357959  0.04905442516  0.06189214087  0.07658037106  0.09362364736   0.1136576504   0.1375107351   0.1663005044   0.2015881771   0.2456267983   0.3017539269   0.3749739532   0.4726604271   0.6047806617   0.7812720052              1
             0  0.01131435308  0.02294532637  0.03522009669  0.04848769986  0.06313195111   0.0795871351  0.09835810249   0.1200471874   0.1453915398   0.1753161374   0.2110097966   0.2540331176   0.3064654207   0.3710832759   0.4515123001   0.5521523705   0.6773528946   0.8287904093              1
             0  0.01353285751  0.02744015372  0.04210778764  0.05794517207  0.07539854432  0.09496634594   0.1172177164   0.1428154599   0.1725451842   0.2073524781    0.248389427   0.2970690759   0.3551184911   0.4246014557    0.507839601   0.6070838603    0.723688137   0.8565367374              1
             0  0.01537692323  0.03117464337  0.04782572808  0.06578665644  0.08555070816   0.1076619879   0.1327309573   0.1614517515   0.1946212589   0.2331591638   0.2781263575    0.330735268   0.3923380121   0.4643644548   0.5481607877   0.6446553327   0.7537790558   0.8736684033              1
             0  0.01680019204  0.03405576846  0.05223382485  0.07182501747  0.09335564394   0.1173999403   0.1445923734   0.1756393301    0.211328936   0.2525365605   0.3002215713   0.3554076266   0.4191338343   0.4923575637   0.5757837625    0.669597627     0.77310435   0.8843578202              1
             0  0.01776807645   0.0360144136  0.05522878539  0.07592394465  0.09864690982    0.123989756   0.1525992657   0.1851842596   0.2225185943   0.2654365712   0.3148157404   0.3715398329   0.4364321349   0.5101482033   0.5930190714   0.6848470629   0.7846828971   0.8906585273              1
             0  0.01825770018  0.03700502408  0.05674295847  0.07799506593   0.1013182947   0.1273129082    0.156630674   0.1899798481   0.2281246106   0.2718753894   0.3220649864   0.3795038295   0.4449066692   0.5187840431   0.6012972568    0.692088656   0.7901216483   0.8935933919              1
             0  0.01825770018  0.03700502408  0.05674295847  0.07799506593   0.1013182947   0.1273129082    0.156630674   0.1899798481   0.2281246106   0.2718753894   0.3220649864   0.3795038295   0.4449066692   0.5187840431   0.6012972568    0.692088656   0.7901216483   0.8935933919              1
             0  0.01776807645   0.0360144136  0.05522878539  0.07592394465  0.09864690982    0.123989756   0.1525992657   0.1851842596   0.2225185943   0.2654365712   0.3148157404   0.3715398329   0.4364321349   0.5101482033   0.5930190714   0.6848470629   0.7846828971   0.8906585273              1
             0  0.01680019204  0.03405576846  0.05223382485  0.07182501747  0.09335564394   0.1173999403   0.1445923734   0.1756393301    0.211328936   0.2525365605   0.3002215713   0.3554076266   0.4191338343   0.4923575637   0.5757837625    0.669597627     0.77310435   0.8843578202              1
             0  0.01537692323  0.03117464337  0.04782572808  0.06578665644  0.08555070816   0.1076619879   0.1327309573   0.1614517515   0.1946212589   0.2331591638   0.2781263575    0.330735268   0.3923380121   0.4643644548   0.5481607877   0.6446553327   0.7537790558   0.8736684033              1
             0  0.01353285751  0.02744015372  0.04210778764  0.05794517207  0.07539854432  0.09496634594   0.1172177164   0.1428154599   0.1725451842   0.2073524781    0.248389427   0.2970690759   0.3551184911   0.4246014557    0.507839601   0.6070838603    0.723688137   0.8565367374              1
             0  0.01131435308  0.02294532637  0.03522009669  0.04848769986  0.06313195111   0.0795871351  0.09835810249   0.1200471874   0.1453915398   0.1753161374   0.2110097966   0.2540331176   0.3064654207   0.3710832759   0.4515123001   0.5521523705   0.6773528946   0.8287904093              1
             0 0.008779228447  0.01780670197   0.0273395729  0.03765357959  0.04905442516  0.06189214087  0.07658037106  0.09362364736   0.1136576504   0.1375107351   0.1663005044   0.2015881771   0.2456267983   0.3017539269   0.3749739532   0.4726604271   0.6047806617   0.7812720052              1
             0 0.005995858737  0.01216268017  0.01867791335  0.02573262043  0.03354002906  0.04234663217  0.05244759351  0.06420938058  0.07810467929  0.09476864829   0.1150933087    0.140392288   0.1726996687   0.2153316802   0.2739691586    0.358734723   0.4878373198   0.6915169497              1
             0 0.003041526336 0.006170246605 0.009476779917  0.01305895971   0.0170264385  0.02150676522  0.02665399023  0.03266160217  0.03978303788  0.04836587006  0.05891179408  0.07218799757  0.08944790821   0.1129039666   0.1468362779   0.2004719865    0.296316945   0.4969584737              1
             0              0              0              0              0              0              0              0              0              0              0              0              0              0              0              0              0              0              0              0
